Id,Score
1,2.5
2,2.5
3,2.5
4,2.5
5,2.5
6,2.5
7,2.5
8,2.5
9,2.5
10,2.5
11,2.5
12,2.5
13,2.5
14,2.5
15,2.5
16,2.5
17,2.5
18,2.5
19,2.5
20,2.5
21,2.5
22,2.5
23,2.5
24,2.5
25,2.5
26,2.5
27,2.5
28,2.5
29,2.5
30,2.5
31,2.5
32,2.5
33,2.5
34,2.5
35,2.5
36,2.5
37,2.5
38,2.5
39,2.5
40,2.5
41,2.5
42,2.5
43,2.5
44,2.5
45,2.5
46,2.5
47,2.5
48,2.5
49,2.5
50,2.5
51,2.5
52,2.5
53,2.5
54,2.5
55,2.5
56,2.5
57,2.5
58,2.5
59,2.5
60,2.5
61,2.5
62,2.5
63,2.5
64,2.5
65,2.5
66,2.5
67,2.5
68,2.5
69,2.5
70,2.5
71,2.5
72,2.5
73,2.5
74,2.5
75,2.5
76,2.5
77,2.5
78,2.5
79,2.5
80,2.5
81,2.5
82,2.5
83,2.5
84,2.5
85,2.5
86,2.5
87,2.5
88,2.5
89,2.5
90,2.5
91,2.5
92,2.5
93,2.5
94,2.5
95,2.5
96,2.5
97,2.5
98,2.5
99,2.5
100,2.5
101,2.5
102,2.5
103,2.5
104,2.5
105,2.5
106,2.5
107,2.5
108,2.5
109,2.5
110,2.5
111,2.5
112,2.5
113,2.5
114,2.5
115,2.5
116,2.5
117,2.5
118,2.5
119,2.5
120,2.5
121,2.5
122,2.5
123,2.5
124,2.5
125,2.5
126,2.5
127,2.5
128,2.5
129,2.5
130,2.5
131,2.5
132,2.5
133,2.5
134,2.5
135,2.5
136,2.5
137,2.5
138,2.5
139,2.5
140,2.5
141,2.5
142,2.5
143,2.5
144,2.5
145,2.5
146,2.5
147,2.5
148,2.5
149,2.5
150,2.5
151,2.5
152,2.5
153,2.5
154,2.5
155,2.5
156,2.5
157,2.5
158,2.5
159,2.5
160,2.5
161,2.5
162,2.5
163,2.5
164,2.5
165,2.5
166,2.5
167,2.5
168,2.5
169,2.5
170,2.5
171,2.5
172,2.5
173,2.5
174,2.5
175,2.5
176,2.5
177,2.5
178,2.5
179,2.5
180,2.5
181,2.5
182,2.5
183,2.5
184,2.5
185,2.5
186,2.5
187,2.5
188,2.5
189,2.5
190,2.5
191,2.5
192,2.5
193,2.5
194,2.5
195,2.5
196,2.5
197,2.5
198,2.5
199,2.5
200,2.5
201,2.5
202,2.5
203,2.5
204,2.5
205,2.5
206,2.5
207,2.5
208,2.5
209,2.5
210,2.5
211,2.5
212,2.5
213,2.5
214,2.5
215,2.5
216,2.5
217,2.5
218,2.5
219,2.5
220,2.5
221,2.5
222,2.5
223,2.5
224,2.5
225,2.5
226,2.5
227,2.5
228,2.5
229,2.5
230,2.5
231,2.5
232,2.5
233,2.5
234,2.5
235,2.5
236,2.5
237,2.5
238,2.5
239,2.5
240,2.5
241,2.5
242,2.5
243,2.5
244,2.5
245,2.5
246,2.5
247,2.5
248,2.5
249,2.5
250,2.5
251,2.5
252,2.5
253,2.5
254,2.5
255,2.5
256,2.5
257,2.5
258,2.5
259,2.5
260,2.5
261,2.5
262,2.5
263,2.5
264,2.5
265,2.5
266,2.5
267,2.5
268,2.5
269,2.5
270,2.5
271,2.5
272,2.5
273,2.5
274,2.5
275,2.5
276,2.5
277,2.5
278,2.5
279,2.5
280,2.5
281,2.5
282,2.5
283,2.5
284,2.5
285,2.5
286,2.5
287,2.5
288,2.5
289,2.5
290,2.5
291,2.5
292,2.5
293,2.5
294,2.5
295,2.5
296,2.5
297,2.5
298,2.5
299,2.5
300,2.5
301,2.5
302,2.5
303,2.5
304,2.5
305,2.5
306,2.5
307,2.5
308,2.5
309,2.5
310,2.5
311,2.5
312,2.5
313,2.5
314,2.5
315,2.5
316,2.5
317,2.5
318,2.5
319,2.5
320,2.5
321,2.5
322,2.5
323,2.5
324,2.5
325,2.5
326,2.5
327,2.5
328,2.5
329,2.5
330,2.5
331,2.5
332,2.5
333,2.5
334,2.5
335,2.5
336,2.5
337,2.5
338,2.5
339,2.5
340,2.5
341,2.5
342,2.5
343,2.5
344,2.5
345,2.5
346,2.5
347,2.5
348,2.5
349,2.5
350,2.5
351,2.5
352,2.5
353,2.5
354,2.5
355,2.5
356,2.5
357,2.5
358,2.5
359,2.5
360,2.5
361,2.5
362,2.5
363,2.5
364,2.5
365,2.5
366,2.5
367,2.5
368,2.5
369,2.5
370,2.5
371,2.5
372,2.5
373,2.5
374,2.5
375,2.5
376,2.5
377,2.5
378,2.5
379,2.5
380,2.5
381,2.5
382,2.5
383,2.5
384,2.5
385,2.5
386,2.5
387,2.5
388,2.5
389,2.5
390,2.5
391,2.5
392,2.5
393,2.5
394,2.5
395,2.5
396,2.5
397,2.5
398,2.5
399,2.5
400,2.5
401,2.5
402,2.5
403,2.5
404,2.5
405,2.5
406,2.5
407,2.5
408,2.5
409,2.5
410,2.5
411,2.5
412,2.5
413,2.5
414,2.5
415,2.5
416,2.5
417,2.5
418,2.5
419,2.5
420,2.5
421,2.5
422,2.5
423,2.5
424,2.5
425,2.5
426,2.5
427,2.5
428,2.5
429,2.5
430,2.5
431,2.5
432,2.5
433,2.5
434,2.5
435,2.5
436,2.5
437,2.5
438,2.5
439,2.5
440,2.5
441,2.5
442,2.5
443,2.5
444,2.5
445,2.5
446,2.5
447,2.5
448,2.5
449,2.5
450,2.5
451,2.5
452,2.5
453,2.5
454,2.5
455,2.5
456,2.5
457,2.5
458,2.5
459,2.5
460,2.5
461,2.5
462,2.5
463,2.5
464,2.5
465,2.5
466,2.5
467,2.5
468,2.5
469,2.5
470,2.5
471,2.5
472,2.5
473,2.5
474,2.5
475,2.5
476,2.5
477,2.5
478,2.5
479,2.5
480,2.5
481,2.5
482,2.5
483,2.5
484,2.5
485,2.5
486,2.5
487,2.5
488,2.5
489,2.5
490,2.5
491,2.5
492,2.5
493,2.5
494,2.5
495,2.5
496,2.5
497,2.5
498,2.5
499,2.5
500,2.5
501,2.5
502,2.5
503,2.5
504,2.5
505,2.5
506,2.5
507,2.5
508,2.5
509,2.5
510,2.5
511,2.5
512,2.5
513,2.5
514,2.5
515,2.5
516,2.5
517,2.5
518,2.5
519,2.5
520,2.5
521,2.5
522,2.5
523,2.5
524,2.5
525,2.5
526,2.5
527,2.5
528,2.5
529,2.5
530,2.5
531,2.5
532,2.5
533,2.5
534,2.5
535,2.5
536,2.5
537,2.5
538,2.5
539,2.5
540,2.5
541,2.5
542,2.5
543,2.5
544,2.5
545,2.5
546,2.5
547,2.5
548,2.5
549,2.5
550,2.5
551,2.5
552,2.5
553,2.5
554,2.5
555,2.5
556,2.5
557,2.5
558,2.5
559,2.5
560,2.5
561,2.5
562,2.5
563,2.5
564,2.5
565,2.5
566,2.5
567,2.5
568,2.5
569,2.5
570,2.5
571,2.5
572,2.5
573,2.5
574,2.5
575,2.5
576,2.5
577,2.5
578,2.5
579,2.5
580,2.5
581,2.5
582,2.5
583,2.5
584,2.5
585,2.5
586,2.5
587,2.5
588,2.5
589,2.5
590,2.5
591,2.5
592,2.5
593,2.5
594,2.5
595,2.5
596,2.5
597,2.5
598,2.5
599,2.5
600,2.5
601,2.5
602,2.5
603,2.5
604,2.5
605,2.5
606,2.5
607,2.5
608,2.5
609,2.5
610,2.5
611,2.5
612,2.5
613,2.5
614,2.5
615,2.5
616,2.5
617,2.5
618,2.5
619,2.5
620,2.5
621,2.5
622,2.5
623,2.5
624,2.5
625,2.5
626,2.5
627,2.5
628,2.5
629,2.5
630,2.5
631,2.5
632,2.5
633,2.5
634,2.5
635,2.5
636,2.5
637,2.5
638,2.5
639,2.5
640,2.5
641,2.5
642,2.5
643,2.5
644,2.5
645,2.5
646,2.5
647,2.5
648,2.5
649,2.5
650,2.5
651,2.5
652,2.5
653,2.5
654,2.5
655,2.5
656,2.5
657,2.5
658,2.5
659,2.5
660,2.5
661,2.5
662,2.5
663,2.5
664,2.5
665,2.5
666,2.5
667,2.5
668,2.5
669,2.5
670,2.5
671,2.5
672,2.5
673,2.5
674,2.5
675,2.5
676,2.5
677,2.5
678,2.5
679,2.5
680,2.5
681,2.5
682,2.5
683,2.5
684,2.5
685,2.5
686,2.5
687,2.5
688,2.5
689,2.5
690,2.5
691,2.5
692,2.5
693,2.5
694,2.5
695,2.5
696,2.5
697,2.5
698,2.5
699,2.5
700,2.5
701,2.5
702,2.5
703,2.5
704,2.5
705,2.5
706,2.5
707,2.5
708,2.5
709,2.5
710,2.5
711,2.5
712,2.5
713,2.5
714,2.5
715,2.5
716,2.5
717,2.5
718,2.5
719,2.5
720,2.5
721,2.5
722,2.5
723,2.5
724,2.5
725,2.5
726,2.5
727,2.5
728,2.5
729,2.5
730,2.5
731,2.5
732,2.5
733,2.5
734,2.5
735,2.5
736,2.5
737,2.5
738,2.5
739,2.5
740,2.5
741,2.5
742,2.5
743,2.5
744,2.5
745,2.5
746,2.5
747,2.5
748,2.5
749,2.5
750,2.5
751,2.5
752,2.5
753,2.5
754,2.5
755,2.5
756,2.5
757,2.5
758,2.5
759,2.5
760,2.5
761,2.5
762,2.5
763,2.5
764,2.5
765,2.5
766,2.5
767,2.5
768,2.5
769,2.5
770,2.5
771,2.5
772,2.5
773,2.5
774,2.5
775,2.5
776,2.5
777,2.5
778,2.5
779,2.5
780,2.5
781,2.5
782,2.5
783,2.5
784,2.5
785,2.5
786,2.5
787,2.5
788,2.5
789,2.5
790,2.5
791,2.5
792,2.5
793,2.5
794,2.5
795,2.5
796,2.5
797,2.5
798,2.5
799,2.5
800,2.5
801,2.5
802,2.5
803,2.5
804,2.5
805,2.5
806,2.5
807,2.5
808,2.5
809,2.5
810,2.5
811,2.5
812,2.5
813,2.5
814,2.5
815,2.5
816,2.5
817,2.5
818,2.5
819,2.5
820,2.5
821,2.5
822,2.5
823,2.5
824,2.5
825,2.5
826,2.5
827,2.5
828,2.5
829,2.5
830,2.5
831,2.5
832,2.5
833,2.5
834,2.5
835,2.5
836,2.5
837,2.5
838,2.5
839,2.5
840,2.5
841,2.5
842,2.5
843,2.5
844,2.5
845,2.5
846,2.5
847,2.5
848,2.5
849,2.5
850,2.5
851,2.5
852,2.5
853,2.5
854,2.5
855,2.5
856,2.5
857,2.5
858,2.5
859,2.5
860,2.5
861,2.5
862,2.5
863,2.5
864,2.5
865,2.5
866,2.5
867,2.5
868,2.5
869,2.5
870,2.5
871,2.5
872,2.5
873,2.5
874,2.5
875,2.5
876,2.5
877,2.5
878,2.5
879,2.5
880,2.5
881,2.5
882,2.5
883,2.5
884,2.5
885,2.5
886,2.5
887,2.5
888,2.5
889,2.5
890,2.5
891,2.5
892,2.5
893,2.5
894,2.5
895,2.5
896,2.5
897,2.5
898,2.5
899,2.5
900,2.5
901,2.5
902,2.5
903,2.5
904,2.5
905,2.5
906,2.5
907,2.5
908,2.5
909,2.5
910,2.5
911,2.5
912,2.5
913,2.5
914,2.5
915,2.5
916,2.5
917,2.5
918,2.5
919,2.5
920,2.5
921,2.5
922,2.5
923,2.5
924,2.5
925,2.5
926,2.5
927,2.5
928,2.5
929,2.5
930,2.5
931,2.5
932,2.5
933,2.5
934,2.5
935,2.5
936,2.5
937,2.5
938,2.5
939,2.5
940,2.5
941,2.5
942,2.5
943,2.5
944,2.5
945,2.5
946,2.5
947,2.5
948,2.5
949,2.5
950,2.5
951,2.5
952,2.5
953,2.5
954,2.5
955,2.5
956,2.5
957,2.5
958,2.5
959,2.5
960,2.5
961,2.5
962,2.5
963,2.5
964,2.5
965,2.5
966,2.5
967,2.5
968,2.5
969,2.5
970,2.5
971,2.5
972,2.5
973,2.5
974,2.5
975,2.5
976,2.5
977,2.5
978,2.5
979,2.5
980,2.5
981,2.5
982,2.5
983,2.5
984,2.5
985,2.5
986,2.5
987,2.5
988,2.5
989,2.5
990,2.5
991,2.5
992,2.5
993,2.5
994,2.5
995,2.5
996,2.5
997,2.5
998,2.5
999,2.5
1000,2.5
1001,2.5
1002,2.5
1003,2.5
1004,2.5
1005,2.5
1006,2.5
1007,2.5
1008,2.5
1009,2.5
1010,2.5
1011,2.5
1012,2.5
1013,2.5
1014,2.5
1015,2.5
1016,2.5
1017,2.5
1018,2.5
1019,2.5
1020,2.5
1021,2.5
1022,2.5
1023,2.5
1024,2.5
1025,2.5
1026,2.5
1027,2.5
1028,2.5
1029,2.5
1030,2.5
1031,2.5
1032,2.5
1033,2.5
1034,2.5
1035,2.5
1036,2.5
1037,2.5
1038,2.5
1039,2.5
1040,2.5
1041,2.5
1042,2.5
1043,2.5
1044,2.5
1045,2.5
1046,2.5
1047,2.5
1048,2.5
1049,2.5
1050,2.5
1051,2.5
1052,2.5
1053,2.5
1054,2.5
1055,2.5
1056,2.5
1057,2.5
1058,2.5
1059,2.5
1060,2.5
1061,2.5
1062,2.5
1063,2.5
1064,2.5
1065,2.5
1066,2.5
1067,2.5
1068,2.5
1069,2.5
1070,2.5
1071,2.5
1072,2.5
1073,2.5
1074,2.5
1075,2.5
1076,2.5
1077,2.5
1078,2.5
1079,2.5
1080,2.5
1081,2.5
1082,2.5
1083,2.5
1084,2.5
1085,2.5
1086,2.5
1087,2.5
1088,2.5
1089,2.5
1090,2.5
1091,2.5
1092,2.5
1093,2.5
1094,2.5
1095,2.5
1096,2.5
1097,2.5
1098,2.5
1099,2.5
1100,2.5
1101,2.5
1102,2.5
1103,2.5
1104,2.5
1105,2.5
1106,2.5
1107,2.5
1108,2.5
1109,2.5
1110,2.5
1111,2.5
1112,2.5
1113,2.5
1114,2.5
1115,2.5
1116,2.5
1117,2.5
1118,2.5
1119,2.5
1120,2.5
1121,2.5
1122,2.5
1123,2.5
1124,2.5
1125,2.5
1126,2.5
1127,2.5
1128,2.5
1129,2.5
1130,2.5
1131,2.5
1132,2.5
1133,2.5
1134,2.5
1135,2.5
1136,2.5
1137,2.5
1138,2.5
1139,2.5
1140,2.5
1141,2.5
1142,2.5
1143,2.5
1144,2.5
1145,2.5
1146,2.5
1147,2.5
1148,2.5
1149,2.5
1150,2.5
1151,2.5
1152,2.5
1153,2.5
1154,2.5
1155,2.5
1156,2.5
1157,2.5
1158,2.5
1159,2.5
1160,2.5
1161,2.5
1162,2.5
1163,2.5
1164,2.5
1165,2.5
1166,2.5
1167,2.5
1168,2.5
1169,2.5
1170,2.5
1171,2.5
1172,2.5
1173,2.5
1174,2.5
1175,2.5
1176,2.5
1177,2.5
1178,2.5
1179,2.5
1180,2.5
1181,2.5
1182,2.5
1183,2.5
1184,2.5
1185,2.5
1186,2.5
1187,2.5
1188,2.5
1189,2.5
1190,2.5
1191,2.5
1192,2.5
1193,2.5
1194,2.5
1195,2.5
1196,2.5
1197,2.5
1198,2.5
1199,2.5
1200,2.5
1201,2.5
1202,2.5
1203,2.5
1204,2.5
1205,2.5
1206,2.5
1207,2.5
1208,2.5
1209,2.5
1210,2.5
1211,2.5
1212,2.5
1213,2.5
1214,2.5
1215,2.5
1216,2.5
1217,2.5
1218,2.5
1219,2.5
1220,2.5
1221,2.5
1222,2.5
1223,2.5
1224,2.5
1225,2.5
1226,2.5
1227,2.5
1228,2.5
1229,2.5
1230,2.5
1231,2.5
1232,2.5
1233,2.5
1234,2.5
1235,2.5
1236,2.5
1237,2.5
1238,2.5
1239,2.5
1240,2.5
1241,2.5
1242,2.5
1243,2.5
1244,2.5
1245,2.5
1246,2.5
1247,2.5
1248,2.5
1249,2.5
1250,2.5
1251,2.5
1252,2.5
1253,2.5
1254,2.5
1255,2.5
1256,2.5
1257,2.5
1258,2.5
1259,2.5
1260,2.5
1261,2.5
1262,2.5
1263,2.5
1264,2.5
1265,2.5
1266,2.5
1267,2.5
1268,2.5
1269,2.5
1270,2.5
1271,2.5
1272,2.5
1273,2.5
1274,2.5
1275,2.5
1276,2.5
1277,2.5
1278,2.5
1279,2.5
1280,2.5
1281,2.5
1282,2.5
1283,2.5
1284,2.5
1285,2.5
1286,2.5
1287,2.5
1288,2.5
1289,2.5
1290,2.5
1291,2.5
1292,2.5
1293,2.5
1294,2.5
1295,2.5
1296,2.5
1297,2.5
1298,2.5
1299,2.5
1300,2.5
1301,2.5
1302,2.5
1303,2.5
1304,2.5
1305,2.5
1306,2.5
1307,2.5
1308,2.5
1309,2.5
1310,2.5
1311,2.5
1312,2.5
1313,2.5
1314,2.5
1315,2.5
1316,2.5
1317,2.5
1318,2.5
1319,2.5
1320,2.5
1321,2.5
1322,2.5
1323,2.5
1324,2.5
1325,2.5
1326,2.5
1327,2.5
1328,2.5
1329,2.5
1330,2.5
1331,2.5
1332,2.5
1333,2.5
1334,2.5
1335,2.5
1336,2.5
1337,2.5
1338,2.5
1339,2.5
1340,2.5
1341,2.5
1342,2.5
1343,2.5
1344,2.5
1345,2.5
1346,2.5
1347,2.5
1348,2.5
1349,2.5
1350,2.5
1351,2.5
1352,2.5
1353,2.5
1354,2.5
1355,2.5
1356,2.5
1357,2.5
1358,2.5
1359,2.5
1360,2.5
1361,2.5
1362,2.5
1363,2.5
1364,2.5
1365,2.5
1366,2.5
1367,2.5
1368,2.5
1369,2.5
1370,2.5
1371,2.5
1372,2.5
1373,2.5
1374,2.5
1375,2.5
1376,2.5
1377,2.5
1378,2.5
1379,2.5
1380,2.5
1381,2.5
1382,2.5
1383,2.5
1384,2.5
1385,2.5
1386,2.5
1387,2.5
1388,2.5
1389,2.5
1390,2.5
1391,2.5
1392,2.5
1393,2.5
1394,2.5
1395,2.5
1396,2.5
1397,2.5
1398,2.5
1399,2.5
1400,2.5
1401,2.5
1402,2.5
1403,2.5
1404,2.5
1405,2.5
1406,2.5
1407,2.5
1408,2.5
1409,2.5
1410,2.5
1411,2.5
1412,2.5
1413,2.5
1414,2.5
1415,2.5
1416,2.5
1417,2.5
1418,2.5
1419,2.5
1420,2.5
1421,2.5
1422,2.5
1423,2.5
1424,2.5
1425,2.5
1426,2.5
1427,2.5
1428,2.5
1429,2.5
1430,2.5
1431,2.5
1432,2.5
1433,2.5
1434,2.5
1435,2.5
1436,2.5
1437,2.5
1438,2.5
1439,2.5
1440,2.5
1441,2.5
1442,2.5
1443,2.5
1444,2.5
1445,2.5
1446,2.5
1447,2.5
1448,2.5
1449,2.5
1450,2.5
1451,2.5
1452,2.5
1453,2.5
1454,2.5
1455,2.5
1456,2.5
1457,2.5
1458,2.5
1459,2.5
1460,2.5
1461,2.5
1462,2.5
1463,2.5
1464,2.5
1465,2.5
1466,2.5
1467,2.5
1468,2.5
1469,2.5
1470,2.5
1471,2.5
1472,2.5
1473,2.5
1474,2.5
1475,2.5
1476,2.5
1477,2.5
1478,2.5
1479,2.5
1480,2.5
1481,2.5
1482,2.5
1483,2.5
1484,2.5
1485,2.5
1486,2.5
1487,2.5
1488,2.5
1489,2.5
1490,2.5
1491,2.5
1492,2.5
1493,2.5
1494,2.5
1495,2.5
1496,2.5
1497,2.5
1498,2.5
1499,2.5
1500,2.5
1501,2.5
1502,2.5
1503,2.5
1504,2.5
1505,2.5
1506,2.5
1507,2.5
1508,2.5
1509,2.5
1510,2.5
1511,2.5
1512,2.5
1513,2.5
1514,2.5
1515,2.5
1516,2.5
1517,2.5
1518,2.5
1519,2.5
1520,2.5
1521,2.5
1522,2.5
1523,2.5
1524,2.5
1525,2.5
1526,2.5
1527,2.5
1528,2.5
1529,2.5
1530,2.5
1531,2.5
1532,2.5
1533,2.5
1534,2.5
1535,2.5
1536,2.5
1537,2.5
1538,2.5
1539,2.5
1540,2.5
1541,2.5
1542,2.5
1543,2.5
1544,2.5
1545,2.5
1546,2.5
1547,2.5
1548,2.5
1549,2.5
1550,2.5
1551,2.5
1552,2.5
1553,2.5
1554,2.5
1555,2.5
1556,2.5
1557,2.5
1558,2.5
1559,2.5
1560,2.5
1561,2.5
1562,2.5
1563,2.5
1564,2.5
1565,2.5
1566,2.5
1567,2.5
1568,2.5
1569,2.5
1570,2.5
1571,2.5
1572,2.5
1573,2.5
1574,2.5
1575,2.5
1576,2.5
1577,2.5
1578,2.5
1579,2.5
1580,2.5
1581,2.5
1582,2.5
1583,2.5
1584,2.5
1585,2.5
1586,2.5
1587,2.5
1588,2.5
1589,2.5
1590,2.5
1591,2.5
1592,2.5
1593,2.5
1594,2.5
1595,2.5
1596,2.5
1597,2.5
1598,2.5
1599,2.5
1600,2.5
1601,2.5
1602,2.5
1603,2.5
1604,2.5
1605,2.5
1606,2.5
1607,2.5
1608,2.5
1609,2.5
1610,2.5
1611,2.5
1612,2.5
1613,2.5
1614,2.5
1615,2.5
1616,2.5
1617,2.5
1618,2.5
1619,2.5
1620,2.5
1621,2.5
1622,2.5
1623,2.5
1624,2.5
1625,2.5
1626,2.5
1627,2.5
1628,2.5
1629,2.5
1630,2.5
1631,2.5
1632,2.5
1633,2.5
1634,2.5
1635,2.5
1636,2.5
1637,2.5
1638,2.5
1639,2.5
1640,2.5
1641,2.5
1642,2.5
1643,2.5
1644,2.5
1645,2.5
1646,2.5
1647,2.5
1648,2.5
1649,2.5
1650,2.5
1651,2.5
1652,2.5
1653,2.5
1654,2.5
1655,2.5
1656,2.5
1657,2.5
1658,2.5
1659,2.5
1660,2.5
1661,2.5
1662,2.5
1663,2.5
1664,2.5
1665,2.5
1666,2.5
1667,2.5
1668,2.5
1669,2.5
1670,2.5
1671,2.5
1672,2.5
1673,2.5
1674,2.5
1675,2.5
1676,2.5
1677,2.5
1678,2.5
1679,2.5
1680,2.5
1681,2.5
1682,2.5
1683,2.5
1684,2.5
1685,2.5
1686,2.5
1687,2.5
1688,2.5
1689,2.5
1690,2.5
1691,2.5
1692,2.5
1693,2.5
1694,2.5
1695,2.5
1696,2.5
1697,2.5
1698,2.5
1699,2.5
1700,2.5
1701,2.5
1702,2.5
1703,2.5
1704,2.5
1705,2.5
1706,2.5
1707,2.5
1708,2.5
1709,2.5
1710,2.5
1711,2.5
1712,2.5
1713,2.5
1714,2.5
1715,2.5
1716,2.5
1717,2.5
1718,2.5
1719,2.5
1720,2.5
1721,2.5
1722,2.5
1723,2.5
1724,2.5
1725,2.5
1726,2.5
1727,2.5
1728,2.5
1729,2.5
1730,2.5
1731,2.5
1732,2.5
1733,2.5
1734,2.5
1735,2.5
1736,2.5
1737,2.5
1738,2.5
1739,2.5
1740,2.5
1741,2.5
1742,2.5
1743,2.5
1744,2.5
1745,2.5
1746,2.5
1747,2.5
1748,2.5
1749,2.5
1750,2.5
1751,2.5
1752,2.5
1753,2.5
1754,2.5
1755,2.5
1756,2.5
1757,2.5
1758,2.5
1759,2.5
1760,2.5
1761,2.5
1762,2.5
1763,2.5
1764,2.5
1765,2.5
1766,2.5
1767,2.5
1768,2.5
1769,2.5
1770,2.5
1771,2.5
1772,2.5
1773,2.5
1774,2.5
1775,2.5
1776,2.5
1777,2.5
1778,2.5
1779,2.5
1780,2.5
1781,2.5
1782,2.5
1783,2.5
1784,2.5
1785,2.5
1786,2.5
1787,2.5
1788,2.5
1789,2.5
1790,2.5
1791,2.5
1792,2.5
1793,2.5
1794,2.5
1795,2.5
1796,2.5
1797,2.5
1798,2.5
1799,2.5
1800,2.5
1801,2.5
1802,2.5
1803,2.5
1804,2.5
1805,2.5
1806,2.5
1807,2.5
1808,2.5
1809,2.5
1810,2.5
1811,2.5
1812,2.5
1813,2.5
1814,2.5
1815,2.5
1816,2.5
1817,2.5
1818,2.5
1819,2.5
1820,2.5
1821,2.5
1822,2.5
1823,2.5
1824,2.5
1825,2.5
1826,2.5
1827,2.5
1828,2.5
1829,2.5
1830,2.5
1831,2.5
1832,2.5
1833,2.5
1834,2.5
1835,2.5
1836,2.5
1837,2.5
1838,2.5
1839,2.5
1840,2.5
1841,2.5
1842,2.5
1843,2.5
1844,2.5
1845,2.5
1846,2.5
1847,2.5
1848,2.5
1849,2.5
1850,2.5
1851,2.5
1852,2.5
1853,2.5
1854,2.5
1855,2.5
1856,2.5
1857,2.5
1858,2.5
1859,2.5
1860,2.5
1861,2.5
1862,2.5
1863,2.5
1864,2.5
1865,2.5
1866,2.5
1867,2.5
1868,2.5
1869,2.5
1870,2.5
1871,2.5
1872,2.5
1873,2.5
1874,2.5
1875,2.5
1876,2.5
1877,2.5
1878,2.5
1879,2.5
1880,2.5
1881,2.5
1882,2.5
1883,2.5
1884,2.5
1885,2.5
1886,2.5
1887,2.5
1888,2.5
1889,2.5
1890,2.5
1891,2.5
1892,2.5
1893,2.5
1894,2.5
1895,2.5
1896,2.5
1897,2.5
1898,2.5
1899,2.5
1900,2.5
1901,2.5
1902,2.5
1903,2.5
1904,2.5
1905,2.5
1906,2.5
1907,2.5
1908,2.5
1909,2.5
1910,2.5
1911,2.5
1912,2.5
1913,2.5
1914,2.5
1915,2.5
1916,2.5
1917,2.5
1918,2.5
1919,2.5
1920,2.5
1921,2.5
1922,2.5
1923,2.5
1924,2.5
1925,2.5
1926,2.5
1927,2.5
1928,2.5
1929,2.5
1930,2.5
1931,2.5
1932,2.5
1933,2.5
1934,2.5
1935,2.5
1936,2.5
1937,2.5
1938,2.5
1939,2.5
1940,2.5
1941,2.5
1942,2.5
1943,2.5
1944,2.5
1945,2.5
1946,2.5
1947,2.5
1948,2.5
1949,2.5
1950,2.5
1951,2.5
1952,2.5
1953,2.5
1954,2.5
1955,2.5
1956,2.5
1957,2.5
1958,2.5
1959,2.5
1960,2.5
1961,2.5
1962,2.5
1963,2.5
1964,2.5
1965,2.5
1966,2.5
1967,2.5
1968,2.5
1969,2.5
1970,2.5
1971,2.5
1972,2.5
1973,2.5
1974,2.5
1975,2.5
1976,2.5
1977,2.5
1978,2.5
1979,2.5
1980,2.5
1981,2.5
1982,2.5
1983,2.5
1984,2.5
1985,2.5
1986,2.5
1987,2.5
1988,2.5
1989,2.5
1990,2.5
1991,2.5
1992,2.5
1993,2.5
1994,2.5
1995,2.5
1996,2.5
1997,2.5
1998,2.5
1999,2.5
2000,2.5
2001,2.5
2002,2.5
2003,2.5
2004,2.5
2005,2.5
2006,2.5
2007,2.5
2008,2.5
2009,2.5
2010,2.5
2011,2.5
2012,2.5
2013,2.5
2014,2.5
2015,2.5
2016,2.5
2017,2.5
2018,2.5
2019,2.5
2020,2.5
2021,2.5
2022,2.5
2023,2.5
2024,2.5
2025,2.5
2026,2.5
2027,2.5
2028,2.5
2029,2.5
2030,2.5
2031,2.5
2032,2.5
2033,2.5
2034,2.5
2035,2.5
2036,2.5
2037,2.5
2038,2.5
2039,2.5
2040,2.5
2041,2.5
2042,2.5
2043,2.5
2044,2.5
2045,2.5
2046,2.5
2047,2.5
2048,2.5
2049,2.5
2050,2.5
2051,2.5
2052,2.5
2053,2.5
2054,2.5
2055,2.5
2056,2.5
2057,2.5
2058,2.5
2059,2.5
2060,2.5
2061,2.5
2062,2.5
2063,2.5
2064,2.5
2065,2.5
2066,2.5
2067,2.5
2068,2.5
2069,2.5
2070,2.5
2071,2.5
2072,2.5
2073,2.5
2074,2.5
2075,2.5
2076,2.5
2077,2.5
2078,2.5
2079,2.5
2080,2.5
2081,2.5
2082,2.5
2083,2.5
2084,2.5
2085,2.5
2086,2.5
2087,2.5
2088,2.5
2089,2.5
2090,2.5
2091,2.5
2092,2.5
2093,2.5
2094,2.5
2095,2.5
2096,2.5
2097,2.5
2098,2.5
2099,2.5
2100,2.5
2101,2.5
2102,2.5
2103,2.5
2104,2.5
2105,2.5
2106,2.5
2107,2.5
2108,2.5
2109,2.5
2110,2.5
2111,2.5
2112,2.5
2113,2.5
2114,2.5
2115,2.5
2116,2.5
2117,2.5
2118,2.5
2119,2.5
2120,2.5
2121,2.5
2122,2.5
2123,2.5
2124,2.5
2125,2.5
2126,2.5
2127,2.5
2128,2.5
2129,2.5
2130,2.5
2131,2.5
2132,2.5
2133,2.5
2134,2.5
2135,2.5
2136,2.5
2137,2.5
2138,2.5
2139,2.5
2140,2.5
2141,2.5
2142,2.5
2143,2.5
2144,2.5
2145,2.5
2146,2.5
2147,2.5
2148,2.5
2149,2.5
2150,2.5
2151,2.5
2152,2.5
2153,2.5
2154,2.5
2155,2.5
2156,2.5
2157,2.5
2158,2.5
2159,2.5
2160,2.5
2161,2.5
2162,2.5
2163,2.5
2164,2.5
2165,2.5
2166,2.5
2167,2.5
2168,2.5
2169,2.5
2170,2.5
2171,2.5
2172,2.5
2173,2.5
2174,2.5
2175,2.5
2176,2.5
2177,2.5
2178,2.5
2179,2.5
2180,2.5
2181,2.5
2182,2.5
2183,2.5
2184,2.5
2185,2.5
2186,2.5
2187,2.5
2188,2.5
2189,2.5
2190,2.5
2191,2.5
2192,2.5
2193,2.5
2194,2.5
2195,2.5
2196,2.5
2197,2.5
2198,2.5
2199,2.5
2200,2.5
2201,2.5
2202,2.5
2203,2.5
2204,2.5
2205,2.5
2206,2.5
2207,2.5
2208,2.5
2209,2.5
2210,2.5
2211,2.5
2212,2.5
2213,2.5
2214,2.5
2215,2.5
2216,2.5
2217,2.5
2218,2.5
2219,2.5
2220,2.5
2221,2.5
2222,2.5
2223,2.5
2224,2.5
2225,2.5
2226,2.5
2227,2.5
2228,2.5
2229,2.5
2230,2.5
2231,2.5
2232,2.5
2233,2.5
2234,2.5
2235,2.5
2236,2.5
2237,2.5
2238,2.5
2239,2.5
2240,2.5
2241,2.5
2242,2.5
2243,2.5
2244,2.5
2245,2.5
2246,2.5
2247,2.5
2248,2.5
2249,2.5
2250,2.5
2251,2.5
2252,2.5
2253,2.5
2254,2.5
2255,2.5
2256,2.5
2257,2.5
2258,2.5
2259,2.5
2260,2.5
2261,2.5
2262,2.5
2263,2.5
2264,2.5
2265,2.5
2266,2.5
2267,2.5
2268,2.5
2269,2.5
2270,2.5
2271,2.5
2272,2.5
2273,2.5
2274,2.5
2275,2.5
2276,2.5
2277,2.5
2278,2.5
2279,2.5
2280,2.5
2281,2.5
2282,2.5
2283,2.5
2284,2.5
2285,2.5
2286,2.5
2287,2.5
2288,2.5
2289,2.5
2290,2.5
2291,2.5
2292,2.5
2293,2.5
2294,2.5
2295,2.5
2296,2.5
2297,2.5
2298,2.5
2299,2.5
2300,2.5
2301,2.5
2302,2.5
2303,2.5
2304,2.5
2305,2.5
2306,2.5
2307,2.5
2308,2.5
2309,2.5
2310,2.5
2311,2.5
2312,2.5
2313,2.5
2314,2.5
2315,2.5
2316,2.5
2317,2.5
2318,2.5
2319,2.5
2320,2.5
2321,2.5
2322,2.5
2323,2.5
2324,2.5
2325,2.5
2326,2.5
2327,2.5
2328,2.5
2329,2.5
2330,2.5
2331,2.5
2332,2.5
2333,2.5
2334,2.5
2335,2.5
2336,2.5
2337,2.5
2338,2.5
2339,2.5
2340,2.5
2341,2.5
2342,2.5
2343,2.5
2344,2.5
2345,2.5
2346,2.5
2347,2.5
2348,2.5
2349,2.5
2350,2.5
2351,2.5
2352,2.5
2353,2.5
2354,2.5
2355,2.5
2356,2.5
2357,2.5
2358,2.5
2359,2.5
2360,2.5
2361,2.5
2362,2.5
2363,2.5
2364,2.5
2365,2.5
2366,2.5
2367,2.5
2368,2.5
2369,2.5
2370,2.5
2371,2.5
2372,2.5
2373,2.5
2374,2.5
2375,2.5
2376,2.5
2377,2.5
2378,2.5
2379,2.5
2380,2.5
2381,2.5
2382,2.5
2383,2.5
2384,2.5
2385,2.5
2386,2.5
2387,2.5
2388,2.5
2389,2.5
2390,2.5
2391,2.5
2392,2.5
2393,2.5
2394,2.5
2395,2.5
2396,2.5
2397,2.5
2398,2.5
2399,2.5
2400,2.5
2401,2.5
2402,2.5
2403,2.5
2404,2.5
2405,2.5
2406,2.5
2407,2.5
2408,2.5
2409,2.5
2410,2.5
2411,2.5
2412,2.5
2413,2.5
2414,2.5
2415,2.5
2416,2.5
2417,2.5
2418,2.5
2419,2.5
2420,2.5
2421,2.5
2422,2.5
2423,2.5
2424,2.5
2425,2.5
2426,2.5
2427,2.5
2428,2.5
2429,2.5
2430,2.5
2431,2.5
2432,2.5
2433,2.5
2434,2.5
2435,2.5
2436,2.5
2437,2.5
2438,2.5
2439,2.5
2440,2.5
2441,2.5
2442,2.5
2443,2.5
2444,2.5
2445,2.5
2446,2.5
2447,2.5
2448,2.5
2449,2.5
2450,2.5
2451,2.5
2452,2.5
2453,2.5
2454,2.5
2455,2.5
2456,2.5
2457,2.5
2458,2.5
2459,2.5
2460,2.5
2461,2.5
2462,2.5
2463,2.5
2464,2.5
2465,2.5
2466,2.5
2467,2.5
2468,2.5
2469,2.5
2470,2.5
2471,2.5
2472,2.5
2473,2.5
2474,2.5
2475,2.5
2476,2.5
2477,2.5
2478,2.5
2479,2.5
2480,2.5
2481,2.5
2482,2.5
2483,2.5
2484,2.5
2485,2.5
2486,2.5
2487,2.5
2488,2.5
2489,2.5
2490,2.5
2491,2.5
2492,2.5
2493,2.5
2494,2.5
2495,2.5
2496,2.5
2497,2.5
2498,2.5
2499,2.5
2500,2.5
2501,2.5
2502,2.5
2503,2.5
2504,2.5
2505,2.5
2506,2.5
2507,2.5
2508,2.5
2509,2.5
2510,2.5
2511,2.5
2512,2.5
2513,2.5
2514,2.5
2515,2.5
2516,2.5
2517,2.5
2518,2.5
2519,2.5
2520,2.5
2521,2.5
2522,2.5
2523,2.5
2524,2.5
2525,2.5
2526,2.5
2527,2.5
2528,2.5
2529,2.5
2530,2.5
2531,2.5
2532,2.5
2533,2.5
2534,2.5
2535,2.5
2536,2.5
2537,2.5
2538,2.5
2539,2.5
2540,2.5
2541,2.5
2542,2.5
2543,2.5
2544,2.5
2545,2.5
2546,2.5
2547,2.5
2548,2.5
2549,2.5
2550,2.5
2551,2.5
2552,2.5
2553,2.5
2554,2.5
2555,2.5
2556,2.5
2557,2.5
2558,2.5
2559,2.5
2560,2.5
2561,2.5
2562,2.5
2563,2.5
2564,2.5
2565,2.5
2566,2.5
2567,2.5
2568,2.5
2569,2.5
2570,2.5
2571,2.5
2572,2.5
2573,2.5
2574,2.5
2575,2.5
2576,2.5
2577,2.5
2578,2.5
2579,2.5
2580,2.5
2581,2.5
2582,2.5
2583,2.5
2584,2.5
2585,2.5
2586,2.5
2587,2.5
2588,2.5
2589,2.5
2590,2.5
2591,2.5
2592,2.5
2593,2.5
2594,2.5
2595,2.5
2596,2.5
2597,2.5
2598,2.5
2599,2.5
2600,2.5
2601,2.5
2602,2.5
2603,2.5
2604,2.5
2605,2.5
2606,2.5
2607,2.5
2608,2.5
2609,2.5
2610,2.5
2611,2.5
2612,2.5
2613,2.5
2614,2.5
2615,2.5
2616,2.5
2617,2.5
2618,2.5
2619,2.5
2620,2.5
2621,2.5
2622,2.5
2623,2.5
2624,2.5
2625,2.5
2626,2.5
2627,2.5
2628,2.5
2629,2.5
2630,2.5
2631,2.5
2632,2.5
2633,2.5
2634,2.5
2635,2.5
2636,2.5
2637,2.5
2638,2.5
2639,2.5
2640,2.5
2641,2.5
2642,2.5
2643,2.5
2644,2.5
2645,2.5
2646,2.5
2647,2.5
2648,2.5
2649,2.5
2650,2.5
2651,2.5
2652,2.5
2653,2.5
2654,2.5
2655,2.5
2656,2.5
2657,2.5
2658,2.5
2659,2.5
2660,2.5
2661,2.5
2662,2.5
2663,2.5
2664,2.5
2665,2.5
2666,2.5
2667,2.5
2668,2.5
2669,2.5
2670,2.5
2671,2.5
2672,2.5
2673,2.5
2674,2.5
2675,2.5
2676,2.5
2677,2.5
2678,2.5
2679,2.5
2680,2.5
2681,2.5
2682,2.5
2683,2.5
2684,2.5
2685,2.5
2686,2.5
2687,2.5
2688,2.5
2689,2.5
2690,2.5
2691,2.5
2692,2.5
2693,2.5
2694,2.5
2695,2.5
2696,2.5
2697,2.5
2698,2.5
2699,2.5
2700,2.5
2701,2.5
2702,2.5
2703,2.5
2704,2.5
2705,2.5
2706,2.5
2707,2.5
2708,2.5
2709,2.5
2710,2.5
2711,2.5
2712,2.5
2713,2.5
2714,2.5
2715,2.5
2716,2.5
2717,2.5
2718,2.5
2719,2.5
2720,2.5
2721,2.5
2722,2.5
2723,2.5
2724,2.5
2725,2.5
2726,2.5
2727,2.5
2728,2.5
2729,2.5
2730,2.5
2731,2.5
2732,2.5
2733,2.5
2734,2.5
2735,2.5
2736,2.5
2737,2.5
2738,2.5
2739,2.5
2740,2.5
2741,2.5
2742,2.5
2743,2.5
2744,2.5
2745,2.5
2746,2.5
2747,2.5
2748,2.5
2749,2.5
2750,2.5
2751,2.5
2752,2.5
2753,2.5
2754,2.5
2755,2.5
2756,2.5
2757,2.5
2758,2.5
2759,2.5
2760,2.5
2761,2.5
2762,2.5
2763,2.5
2764,2.5
2765,2.5
2766,2.5
2767,2.5
2768,2.5
2769,2.5
2770,2.5
2771,2.5
2772,2.5
2773,2.5
2774,2.5
2775,2.5
2776,2.5
2777,2.5
2778,2.5
2779,2.5
2780,2.5
2781,2.5
2782,2.5
2783,2.5
2784,2.5
2785,2.5
2786,2.5
2787,2.5
2788,2.5
2789,2.5
2790,2.5
2791,2.5
2792,2.5
2793,2.5
2794,2.5
2795,2.5
2796,2.5
2797,2.5
2798,2.5
2799,2.5
2800,2.5
2801,2.5
2802,2.5
2803,2.5
2804,2.5
2805,2.5
2806,2.5
2807,2.5
2808,2.5
2809,2.5
2810,2.5
2811,2.5
2812,2.5
2813,2.5
2814,2.5
2815,2.5
2816,2.5
2817,2.5
2818,2.5
2819,2.5
2820,2.5
2821,2.5
2822,2.5
2823,2.5
2824,2.5
2825,2.5
2826,2.5
2827,2.5
2828,2.5
2829,2.5
2830,2.5
2831,2.5
2832,2.5
2833,2.5
2834,2.5
2835,2.5
2836,2.5
2837,2.5
2838,2.5
2839,2.5
2840,2.5
2841,2.5
2842,2.5
2843,2.5
2844,2.5
2845,2.5
2846,2.5
2847,2.5
2848,2.5
2849,2.5
2850,2.5
2851,2.5
2852,2.5
2853,2.5
2854,2.5
2855,2.5
2856,2.5
2857,2.5
2858,2.5
2859,2.5
2860,2.5
2861,2.5
2862,2.5
2863,2.5
2864,2.5
2865,2.5
2866,2.5
2867,2.5
2868,2.5
2869,2.5
2870,2.5
2871,2.5
2872,2.5
2873,2.5
2874,2.5
2875,2.5
2876,2.5
2877,2.5
2878,2.5
2879,2.5
2880,2.5
2881,2.5
2882,2.5
2883,2.5
2884,2.5
2885,2.5
2886,2.5
2887,2.5
2888,2.5
2889,2.5
2890,2.5
2891,2.5
2892,2.5
2893,2.5
2894,2.5
2895,2.5
2896,2.5
2897,2.5
2898,2.5
2899,2.5
2900,2.5
2901,2.5
2902,2.5
2903,2.5
2904,2.5
2905,2.5
2906,2.5
2907,2.5
2908,2.5
2909,2.5
2910,2.5
2911,2.5
2912,2.5
2913,2.5
2914,2.5
2915,2.5
2916,2.5
2917,2.5
2918,2.5
2919,2.5
2920,2.5
2921,2.5
2922,2.5
2923,2.5
2924,2.5
2925,2.5
2926,2.5
2927,2.5
2928,2.5
2929,2.5
2930,2.5
2931,2.5
2932,2.5
2933,2.5
2934,2.5
2935,2.5
2936,2.5
2937,2.5
2938,2.5
2939,2.5
2940,2.5
2941,2.5
2942,2.5
2943,2.5
2944,2.5
2945,2.5
2946,2.5
2947,2.5
2948,2.5
2949,2.5
2950,2.5
2951,2.5
2952,2.5
2953,2.5
2954,2.5
2955,2.5
2956,2.5
2957,2.5
2958,2.5
2959,2.5
2960,2.5
2961,2.5
2962,2.5
2963,2.5
2964,2.5
2965,2.5
2966,2.5
2967,2.5
2968,2.5
2969,2.5
2970,2.5
2971,2.5
2972,2.5
2973,2.5
2974,2.5
2975,2.5
2976,2.5
2977,2.5
2978,2.5
2979,2.5
2980,2.5
2981,2.5
2982,2.5
2983,2.5
2984,2.5
2985,2.5
2986,2.5
2987,2.5
2988,2.5
2989,2.5
2990,2.5
2991,2.5
2992,2.5
2993,2.5
2994,2.5
2995,2.5
2996,2.5
2997,2.5
2998,2.5
2999,2.5
3000,2.5
3001,2.5
3002,2.5
3003,2.5
3004,2.5
3005,2.5
3006,2.5
3007,2.5
3008,2.5
3009,2.5
3010,2.5
3011,2.5
3012,2.5
3013,2.5
3014,2.5
3015,2.5
3016,2.5
3017,2.5
3018,2.5
3019,2.5
3020,2.5
3021,2.5
3022,2.5
3023,2.5
3024,2.5
3025,2.5
3026,2.5
3027,2.5
3028,2.5
3029,2.5
3030,2.5
3031,2.5
3032,2.5
3033,2.5
3034,2.5
3035,2.5
3036,2.5
3037,2.5
3038,2.5
3039,2.5
3040,2.5
3041,2.5
3042,2.5
3043,2.5
3044,2.5
3045,2.5
3046,2.5
3047,2.5
3048,2.5
3049,2.5
3050,2.5
3051,2.5
3052,2.5
3053,2.5
3054,2.5
3055,2.5
3056,2.5
3057,2.5
3058,2.5
3059,2.5
3060,2.5
3061,2.5
3062,2.5
3063,2.5
3064,2.5
3065,2.5
3066,2.5
3067,2.5
3068,2.5
3069,2.5
3070,2.5
3071,2.5
3072,2.5
3073,2.5
3074,2.5
3075,2.5
3076,2.5
3077,2.5
3078,2.5
3079,2.5
3080,2.5
3081,2.5
3082,2.5
3083,2.5
3084,2.5
3085,2.5
3086,2.5
3087,2.5
3088,2.5
3089,2.5
3090,2.5
3091,2.5
3092,2.5
3093,2.5
3094,2.5
3095,2.5
3096,2.5
3097,2.5
3098,2.5
3099,2.5
3100,2.5
3101,2.5
3102,2.5
3103,2.5
3104,2.5
3105,2.5
3106,2.5
3107,2.5
3108,2.5
3109,2.5
3110,2.5
3111,2.5
3112,2.5
3113,2.5
3114,2.5
3115,2.5
3116,2.5
3117,2.5
3118,2.5
3119,2.5
3120,2.5
3121,2.5
3122,2.5
3123,2.5
3124,2.5
3125,2.5
3126,2.5
3127,2.5
3128,2.5
3129,2.5
3130,2.5
3131,2.5
3132,2.5
3133,2.5
3134,2.5
3135,2.5
3136,2.5
3137,2.5
3138,2.5
3139,2.5
3140,2.5
3141,2.5
3142,2.5
3143,2.5
3144,2.5
3145,2.5
3146,2.5
3147,2.5
3148,2.5
3149,2.5
3150,2.5
3151,2.5
3152,2.5
3153,2.5
3154,2.5
3155,2.5
3156,2.5
3157,2.5
3158,2.5
3159,2.5
3160,2.5
3161,2.5
3162,2.5
3163,2.5
3164,2.5
3165,2.5
3166,2.5
3167,2.5
3168,2.5
3169,2.5
3170,2.5
3171,2.5
3172,2.5
3173,2.5
3174,2.5
3175,2.5
3176,2.5
3177,2.5
3178,2.5
3179,2.5
3180,2.5
3181,2.5
3182,2.5
3183,2.5
3184,2.5
3185,2.5
3186,2.5
3187,2.5
3188,2.5
3189,2.5
3190,2.5
3191,2.5
3192,2.5
3193,2.5
3194,2.5
3195,2.5
3196,2.5
3197,2.5
3198,2.5
3199,2.5
3200,2.5
3201,2.5
3202,2.5
3203,2.5
3204,2.5
3205,2.5
3206,2.5
3207,2.5
3208,2.5
3209,2.5
3210,2.5
3211,2.5
3212,2.5
3213,2.5
3214,2.5
3215,2.5
3216,2.5
3217,2.5
3218,2.5
3219,2.5
3220,2.5
3221,2.5
3222,2.5
3223,2.5
3224,2.5
3225,2.5
3226,2.5
3227,2.5
3228,2.5
3229,2.5
3230,2.5
3231,2.5
3232,2.5
3233,2.5
3234,2.5
3235,2.5
3236,2.5
3237,2.5
3238,2.5
3239,2.5
3240,2.5
3241,2.5
3242,2.5
3243,2.5
3244,2.5
3245,2.5
3246,2.5
3247,2.5
3248,2.5
3249,2.5
3250,2.5
3251,2.5
3252,2.5
3253,2.5
3254,2.5
3255,2.5
3256,2.5
3257,2.5
3258,2.5
3259,2.5
3260,2.5
3261,2.5
3262,2.5
3263,2.5
3264,2.5
3265,2.5
3266,2.5
3267,2.5
3268,2.5
3269,2.5
3270,2.5
3271,2.5
3272,2.5
3273,2.5
3274,2.5
3275,2.5
3276,2.5
3277,2.5
3278,2.5
3279,2.5
3280,2.5
3281,2.5
3282,2.5
3283,2.5
3284,2.5
3285,2.5
3286,2.5
3287,2.5
3288,2.5
3289,2.5
3290,2.5
3291,2.5
3292,2.5
3293,2.5
3294,2.5
3295,2.5
3296,2.5
3297,2.5
3298,2.5
3299,2.5
3300,2.5
3301,2.5
3302,2.5
3303,2.5
3304,2.5
3305,2.5
3306,2.5
3307,2.5
3308,2.5
3309,2.5
3310,2.5
3311,2.5
3312,2.5
3313,2.5
3314,2.5
3315,2.5
3316,2.5
3317,2.5
3318,2.5
3319,2.5
3320,2.5
3321,2.5
3322,2.5
3323,2.5
3324,2.5
3325,2.5
3326,2.5
3327,2.5
3328,2.5
3329,2.5
3330,2.5
3331,2.5
3332,2.5
3333,2.5
3334,2.5
3335,2.5
3336,2.5
3337,2.5
3338,2.5
3339,2.5
3340,2.5
3341,2.5
3342,2.5
3343,2.5
3344,2.5
3345,2.5
3346,2.5
3347,2.5
3348,2.5
3349,2.5
3350,2.5
3351,2.5
3352,2.5
3353,2.5
3354,2.5
3355,2.5
3356,2.5
3357,2.5
3358,2.5
3359,2.5
3360,2.5
3361,2.5
3362,2.5
3363,2.5
3364,2.5
3365,2.5
3366,2.5
3367,2.5
3368,2.5
3369,2.5
3370,2.5
3371,2.5
3372,2.5
3373,2.5
3374,2.5
3375,2.5
3376,2.5
3377,2.5
3378,2.5
3379,2.5
3380,2.5
3381,2.5
3382,2.5
3383,2.5
3384,2.5
3385,2.5
3386,2.5
3387,2.5
3388,2.5
3389,2.5
3390,2.5
3391,2.5
3392,2.5
3393,2.5
3394,2.5
3395,2.5
3396,2.5
3397,2.5
3398,2.5
3399,2.5
3400,2.5
3401,2.5
3402,2.5
3403,2.5
3404,2.5
3405,2.5
3406,2.5
3407,2.5
3408,2.5
3409,2.5
3410,2.5
3411,2.5
3412,2.5
3413,2.5
3414,2.5
3415,2.5
3416,2.5
3417,2.5
3418,2.5
3419,2.5
3420,2.5
3421,2.5
3422,2.5
3423,2.5
3424,2.5
3425,2.5
3426,2.5
3427,2.5
3428,2.5
3429,2.5
3430,2.5
3431,2.5
3432,2.5
3433,2.5
3434,2.5
3435,2.5
3436,2.5
3437,2.5
3438,2.5
3439,2.5
3440,2.5
3441,2.5
3442,2.5
3443,2.5
3444,2.5
3445,2.5
3446,2.5
3447,2.5
3448,2.5
3449,2.5
3450,2.5
3451,2.5
3452,2.5
3453,2.5
3454,2.5
3455,2.5
3456,2.5
3457,2.5
3458,2.5
3459,2.5
3460,2.5
3461,2.5
3462,2.5
3463,2.5
3464,2.5
3465,2.5
3466,2.5
3467,2.5
3468,2.5
3469,2.5
3470,2.5
3471,2.5
3472,2.5
3473,2.5
3474,2.5
3475,2.5
3476,2.5
3477,2.5
3478,2.5
3479,2.5
3480,2.5
3481,2.5
3482,2.5
3483,2.5
3484,2.5
3485,2.5
3486,2.5
3487,2.5
3488,2.5
3489,2.5
3490,2.5
3491,2.5
3492,2.5
3493,2.5
3494,2.5
3495,2.5
3496,2.5
3497,2.5
3498,2.5
3499,2.5
3500,2.5
3501,2.5
3502,2.5
3503,2.5
3504,2.5
3505,2.5
3506,2.5
3507,2.5
3508,2.5
3509,2.5
3510,2.5
3511,2.5
3512,2.5
3513,2.5
3514,2.5
3515,2.5
3516,2.5
3517,2.5
3518,2.5
3519,2.5
3520,2.5
3521,2.5
3522,2.5
3523,2.5
3524,2.5
3525,2.5
3526,2.5
3527,2.5
3528,2.5
3529,2.5
3530,2.5
3531,2.5
3532,2.5
3533,2.5
3534,2.5
3535,2.5
3536,2.5
3537,2.5
3538,2.5
3539,2.5
3540,2.5
3541,2.5
3542,2.5
3543,2.5
3544,2.5
3545,2.5
3546,2.5
3547,2.5
3548,2.5
3549,2.5
3550,2.5
3551,2.5
3552,2.5
3553,2.5
3554,2.5
3555,2.5
3556,2.5
3557,2.5
3558,2.5
3559,2.5
3560,2.5
3561,2.5
3562,2.5
3563,2.5
3564,2.5
3565,2.5
3566,2.5
3567,2.5
3568,2.5
3569,2.5
3570,2.5
3571,2.5
3572,2.5
3573,2.5
3574,2.5
3575,2.5
3576,2.5
3577,2.5
3578,2.5
3579,2.5
3580,2.5
3581,2.5
3582,2.5
3583,2.5
3584,2.5
3585,2.5
3586,2.5
3587,2.5
3588,2.5
3589,2.5
3590,2.5
3591,2.5
3592,2.5
3593,2.5
3594,2.5
3595,2.5
3596,2.5
3597,2.5
3598,2.5
3599,2.5
3600,2.5
3601,2.5
3602,2.5
3603,2.5
3604,2.5
3605,2.5
3606,2.5
3607,2.5
3608,2.5
3609,2.5
3610,2.5
3611,2.5
3612,2.5
3613,2.5
3614,2.5
3615,2.5
3616,2.5
3617,2.5
3618,2.5
3619,2.5
3620,2.5
3621,2.5
3622,2.5
3623,2.5
3624,2.5
3625,2.5
3626,2.5
3627,2.5
3628,2.5
3629,2.5
3630,2.5
3631,2.5
3632,2.5
3633,2.5
3634,2.5
3635,2.5
3636,2.5
3637,2.5
3638,2.5
3639,2.5
3640,2.5
3641,2.5
3642,2.5
3643,2.5
3644,2.5
3645,2.5
3646,2.5
3647,2.5
3648,2.5
3649,2.5
3650,2.5
3651,2.5
3652,2.5
3653,2.5
3654,2.5
3655,2.5
3656,2.5
3657,2.5
3658,2.5
3659,2.5
3660,2.5
3661,2.5
3662,2.5
3663,2.5
3664,2.5
3665,2.5
3666,2.5
3667,2.5
3668,2.5
3669,2.5
3670,2.5
3671,2.5
3672,2.5
3673,2.5
3674,2.5
3675,2.5
3676,2.5
3677,2.5
3678,2.5
3679,2.5
3680,2.5
3681,2.5
3682,2.5
3683,2.5
3684,2.5
3685,2.5
3686,2.5
3687,2.5
3688,2.5
3689,2.5
3690,2.5
3691,2.5
3692,2.5
3693,2.5
3694,2.5
3695,2.5
3696,2.5
3697,2.5
3698,2.5
3699,2.5
3700,2.5
3701,2.5
3702,2.5
3703,2.5
3704,2.5
3705,2.5
3706,2.5
3707,2.5
3708,2.5
3709,2.5
3710,2.5
3711,2.5
3712,2.5
3713,2.5
3714,2.5
3715,2.5
3716,2.5
3717,2.5
3718,2.5
3719,2.5
3720,2.5
3721,2.5
3722,2.5
3723,2.5
3724,2.5
3725,2.5
3726,2.5
3727,2.5
3728,2.5
3729,2.5
3730,2.5
3731,2.5
3732,2.5
3733,2.5
3734,2.5
3735,2.5
3736,2.5
3737,2.5
3738,2.5
3739,2.5
3740,2.5
3741,2.5
3742,2.5
3743,2.5
3744,2.5
3745,2.5
3746,2.5
3747,2.5
3748,2.5
3749,2.5
3750,2.5
3751,2.5
3752,2.5
3753,2.5
3754,2.5
3755,2.5
3756,2.5
3757,2.5
3758,2.5
3759,2.5
3760,2.5
3761,2.5
3762,2.5
3763,2.5
3764,2.5
3765,2.5
3766,2.5
3767,2.5
3768,2.5
3769,2.5
3770,2.5
3771,2.5
3772,2.5
3773,2.5
3774,2.5
3775,2.5
3776,2.5
3777,2.5
3778,2.5
3779,2.5
3780,2.5
3781,2.5
3782,2.5
3783,2.5
3784,2.5
3785,2.5
3786,2.5
3787,2.5
3788,2.5
3789,2.5
3790,2.5
3791,2.5
3792,2.5
3793,2.5
3794,2.5
3795,2.5
3796,2.5
3797,2.5
3798,2.5
3799,2.5
3800,2.5
3801,2.5
3802,2.5
3803,2.5
3804,2.5
3805,2.5
3806,2.5
3807,2.5
3808,2.5
3809,2.5
3810,2.5
3811,2.5
3812,2.5
3813,2.5
3814,2.5
3815,2.5
3816,2.5
3817,2.5
3818,2.5
3819,2.5
3820,2.5
3821,2.5
3822,2.5
3823,2.5
3824,2.5
3825,2.5
3826,2.5
3827,2.5
3828,2.5
3829,2.5
3830,2.5
3831,2.5
3832,2.5
3833,2.5
3834,2.5
3835,2.5
3836,2.5
3837,2.5
3838,2.5
3839,2.5
3840,2.5
3841,2.5
3842,2.5
3843,2.5
3844,2.5
3845,2.5
3846,2.5
3847,2.5
3848,2.5
3849,2.5
3850,2.5
3851,2.5
3852,2.5
3853,2.5
3854,2.5
3855,2.5
3856,2.5
3857,2.5
3858,2.5
3859,2.5
3860,2.5
3861,2.5
3862,2.5
3863,2.5
3864,2.5
3865,2.5
3866,2.5
3867,2.5
3868,2.5
3869,2.5
3870,2.5
3871,2.5
3872,2.5
3873,2.5
3874,2.5
3875,2.5
3876,2.5
3877,2.5
3878,2.5
3879,2.5
3880,2.5
3881,2.5
3882,2.5
3883,2.5
3884,2.5
3885,2.5
3886,2.5
3887,2.5
3888,2.5
3889,2.5
3890,2.5
3891,2.5
3892,2.5
3893,2.5
3894,2.5
3895,2.5
3896,2.5
3897,2.5
3898,2.5
3899,2.5
3900,2.5
3901,2.5
3902,2.5
3903,2.5
3904,2.5
3905,2.5
3906,2.5
3907,2.5
3908,2.5
3909,2.5
3910,2.5
3911,2.5
3912,2.5
3913,2.5
3914,2.5
3915,2.5
3916,2.5
3917,2.5
3918,2.5
3919,2.5
3920,2.5
3921,2.5
3922,2.5
3923,2.5
3924,2.5
3925,2.5
3926,2.5
3927,2.5
3928,2.5
3929,2.5
3930,2.5
3931,2.5
3932,2.5
3933,2.5
3934,2.5
3935,2.5
3936,2.5
3937,2.5
3938,2.5
3939,2.5
3940,2.5
3941,2.5
3942,2.5
3943,2.5
3944,2.5
3945,2.5
3946,2.5
3947,2.5
3948,2.5
3949,2.5
3950,2.5
3951,2.5
3952,2.5
3953,2.5
3954,2.5
3955,2.5
3956,2.5
3957,2.5
3958,2.5
3959,2.5
3960,2.5
3961,2.5
3962,2.5
3963,2.5
3964,2.5
3965,2.5
3966,2.5
3967,2.5
3968,2.5
3969,2.5
3970,2.5
3971,2.5
3972,2.5
3973,2.5
3974,2.5
3975,2.5
3976,2.5
3977,2.5
3978,2.5
3979,2.5
3980,2.5
3981,2.5
3982,2.5
3983,2.5
3984,2.5
3985,2.5
3986,2.5
3987,2.5
3988,2.5
3989,2.5
3990,2.5
3991,2.5
3992,2.5
3993,2.5
3994,2.5
3995,2.5
3996,2.5
3997,2.5
3998,2.5
3999,2.5
4000,2.5
4001,2.5
4002,2.5
4003,2.5
4004,2.5
4005,2.5
4006,2.5
4007,2.5
4008,2.5
4009,2.5
4010,2.5
4011,2.5
4012,2.5
4013,2.5
4014,2.5
4015,2.5
4016,2.5
4017,2.5
4018,2.5
4019,2.5
4020,2.5
4021,2.5
4022,2.5
4023,2.5
4024,2.5
4025,2.5
4026,2.5
4027,2.5
4028,2.5
4029,2.5
4030,2.5
4031,2.5
4032,2.5
4033,2.5
4034,2.5
4035,2.5
4036,2.5
4037,2.5
4038,2.5
4039,2.5
4040,2.5
4041,2.5
4042,2.5
4043,2.5
4044,2.5
4045,2.5
4046,2.5
4047,2.5
4048,2.5
4049,2.5
4050,2.5
4051,2.5
4052,2.5
4053,2.5
4054,2.5
4055,2.5
4056,2.5
4057,2.5
4058,2.5
4059,2.5
4060,2.5
4061,2.5
4062,2.5
4063,2.5
4064,2.5
4065,2.5
4066,2.5
4067,2.5
4068,2.5
4069,2.5
4070,2.5
4071,2.5
4072,2.5
4073,2.5
4074,2.5
4075,2.5
4076,2.5
4077,2.5
4078,2.5
4079,2.5
4080,2.5
4081,2.5
4082,2.5
4083,2.5
4084,2.5
4085,2.5
4086,2.5
4087,2.5
4088,2.5
4089,2.5
4090,2.5
4091,2.5
4092,2.5
4093,2.5
4094,2.5
4095,2.5
4096,2.5
4097,2.5
4098,2.5
4099,2.5
4100,2.5
4101,2.5
4102,2.5
4103,2.5
4104,2.5
4105,2.5
4106,2.5
4107,2.5
4108,2.5
4109,2.5
4110,2.5
4111,2.5
4112,2.5
4113,2.5
4114,2.5
4115,2.5
4116,2.5
4117,2.5
4118,2.5
4119,2.5
4120,2.5
4121,2.5
4122,2.5
4123,2.5
4124,2.5
4125,2.5
4126,2.5
4127,2.5
4128,2.5
4129,2.5
4130,2.5
4131,2.5
4132,2.5
4133,2.5
4134,2.5
4135,2.5
4136,2.5
4137,2.5
4138,2.5
4139,2.5
4140,2.5
4141,2.5
4142,2.5
4143,2.5
4144,2.5
4145,2.5
4146,2.5
4147,2.5
4148,2.5
4149,2.5
4150,2.5
4151,2.5
4152,2.5
4153,2.5
4154,2.5
4155,2.5
4156,2.5
4157,2.5
4158,2.5
4159,2.5
4160,2.5
4161,2.5
4162,2.5
4163,2.5
4164,2.5
4165,2.5
4166,2.5
4167,2.5
4168,2.5
4169,2.5
4170,2.5
4171,2.5
4172,2.5
4173,2.5
4174,2.5
4175,2.5
4176,2.5
4177,2.5
4178,2.5
4179,2.5
4180,2.5
4181,2.5
4182,2.5
4183,2.5
4184,2.5
4185,2.5
4186,2.5
4187,2.5
4188,2.5
4189,2.5
4190,2.5
4191,2.5
4192,2.5
4193,2.5
4194,2.5
4195,2.5
4196,2.5
4197,2.5
4198,2.5
4199,2.5
4200,2.5
4201,2.5
4202,2.5
4203,2.5
4204,2.5
4205,2.5
4206,2.5
4207,2.5
4208,2.5
4209,2.5
4210,2.5
4211,2.5
4212,2.5
4213,2.5
4214,2.5
4215,2.5
4216,2.5
4217,2.5
4218,2.5
4219,2.5
4220,2.5
4221,2.5
4222,2.5
4223,2.5
4224,2.5
4225,2.5
4226,2.5
4227,2.5
4228,2.5
4229,2.5
4230,2.5
4231,2.5
4232,2.5
4233,2.5
4234,2.5
4235,2.5
4236,2.5
4237,2.5
4238,2.5
4239,2.5
4240,2.5
4241,2.5
4242,2.5
4243,2.5
4244,2.5
4245,2.5
4246,2.5
4247,2.5
4248,2.5
4249,2.5
4250,2.5
4251,2.5
4252,2.5
4253,2.5
4254,2.5
4255,2.5
4256,2.5
4257,2.5
4258,2.5
4259,2.5
4260,2.5
4261,2.5
4262,2.5
4263,2.5
4264,2.5
4265,2.5
4266,2.5
4267,2.5
4268,2.5
4269,2.5
4270,2.5
4271,2.5
4272,2.5
4273,2.5
4274,2.5
4275,2.5
4276,2.5
4277,2.5
4278,2.5
4279,2.5
4280,2.5
4281,2.5
4282,2.5
4283,2.5
4284,2.5
4285,2.5
4286,2.5
4287,2.5
4288,2.5
4289,2.5
4290,2.5
4291,2.5
4292,2.5
4293,2.5
4294,2.5
4295,2.5
4296,2.5
4297,2.5
4298,2.5
4299,2.5
4300,2.5
4301,2.5
4302,2.5
4303,2.5
4304,2.5
4305,2.5
4306,2.5
4307,2.5
4308,2.5
4309,2.5
4310,2.5
4311,2.5
4312,2.5
4313,2.5
4314,2.5
4315,2.5
4316,2.5
4317,2.5
4318,2.5
4319,2.5
4320,2.5
4321,2.5
4322,2.5
4323,2.5
4324,2.5
4325,2.5
4326,2.5
4327,2.5
4328,2.5
4329,2.5
4330,2.5
4331,2.5
4332,2.5
4333,2.5
4334,2.5
4335,2.5
4336,2.5
4337,2.5
4338,2.5
4339,2.5
4340,2.5
4341,2.5
4342,2.5
4343,2.5
4344,2.5
4345,2.5
4346,2.5
4347,2.5
4348,2.5
4349,2.5
4350,2.5
4351,2.5
4352,2.5
4353,2.5
4354,2.5
4355,2.5
4356,2.5
4357,2.5
4358,2.5
4359,2.5
4360,2.5
4361,2.5
4362,2.5
4363,2.5
4364,2.5
4365,2.5
4366,2.5
4367,2.5
4368,2.5
4369,2.5
4370,2.5
4371,2.5
4372,2.5
4373,2.5
4374,2.5
4375,2.5
4376,2.5
4377,2.5
4378,2.5
4379,2.5
4380,2.5
4381,2.5
4382,2.5
4383,2.5
4384,2.5
4385,2.5
4386,2.5
4387,2.5
4388,2.5
4389,2.5
4390,2.5
4391,2.5
4392,2.5
4393,2.5
4394,2.5
4395,2.5
4396,2.5
4397,2.5
4398,2.5
4399,2.5
4400,2.5
4401,2.5
4402,2.5
4403,2.5
4404,2.5
4405,2.5
4406,2.5
4407,2.5
4408,2.5
4409,2.5
4410,2.5
4411,2.5
4412,2.5
4413,2.5
4414,2.5
4415,2.5
4416,2.5
4417,2.5
4418,2.5
4419,2.5
4420,2.5
4421,2.5
4422,2.5
4423,2.5
4424,2.5
4425,2.5
4426,2.5
4427,2.5
4428,2.5
4429,2.5
4430,2.5
4431,2.5
4432,2.5
4433,2.5
4434,2.5
4435,2.5
4436,2.5
4437,2.5
4438,2.5
4439,2.5
4440,2.5
4441,2.5
4442,2.5
4443,2.5
4444,2.5
4445,2.5
4446,2.5
4447,2.5
4448,2.5
4449,2.5
4450,2.5
4451,2.5
4452,2.5
4453,2.5
4454,2.5
4455,2.5
4456,2.5
4457,2.5
4458,2.5
4459,2.5
4460,2.5
4461,2.5
4462,2.5
4463,2.5
4464,2.5
4465,2.5
4466,2.5
4467,2.5
4468,2.5
4469,2.5
4470,2.5
4471,2.5
4472,2.5
4473,2.5
4474,2.5
4475,2.5
4476,2.5
4477,2.5
4478,2.5
4479,2.5
4480,2.5
4481,2.5
4482,2.5
4483,2.5
4484,2.5
4485,2.5
4486,2.5
4487,2.5
4488,2.5
4489,2.5
4490,2.5
4491,2.5
4492,2.5
4493,2.5
4494,2.5
4495,2.5
4496,2.5
4497,2.5
4498,2.5
4499,2.5
4500,2.5
4501,2.5
4502,2.5
4503,2.5
4504,2.5
4505,2.5
4506,2.5
4507,2.5
4508,2.5
4509,2.5
4510,2.5
4511,2.5
4512,2.5
4513,2.5
4514,2.5
4515,2.5
4516,2.5
4517,2.5
4518,2.5
4519,2.5
4520,2.5
4521,2.5
4522,2.5
4523,2.5
4524,2.5
4525,2.5
4526,2.5
4527,2.5
4528,2.5
4529,2.5
4530,2.5
4531,2.5
4532,2.5
4533,2.5
4534,2.5
4535,2.5
4536,2.5
4537,2.5
4538,2.5
4539,2.5
4540,2.5
4541,2.5
4542,2.5
4543,2.5
4544,2.5
4545,2.5
4546,2.5
4547,2.5
4548,2.5
4549,2.5
4550,2.5
4551,2.5
4552,2.5
4553,2.5
4554,2.5
4555,2.5
4556,2.5
4557,2.5
4558,2.5
4559,2.5
4560,2.5
4561,2.5
4562,2.5
4563,2.5
4564,2.5
4565,2.5
4566,2.5
4567,2.5
4568,2.5
4569,2.5
4570,2.5
4571,2.5
4572,2.5
4573,2.5
4574,2.5
4575,2.5
4576,2.5
4577,2.5
4578,2.5
4579,2.5
4580,2.5
4581,2.5
4582,2.5
4583,2.5
4584,2.5
4585,2.5
4586,2.5
4587,2.5
4588,2.5
4589,2.5
4590,2.5
4591,2.5
4592,2.5
4593,2.5
4594,2.5
4595,2.5
4596,2.5
4597,2.5
4598,2.5
4599,2.5
4600,2.5
4601,2.5
4602,2.5
4603,2.5
4604,2.5
4605,2.5
4606,2.5
4607,2.5
4608,2.5
4609,2.5
4610,2.5
4611,2.5
4612,2.5
4613,2.5
4614,2.5
4615,2.5
4616,2.5
4617,2.5
4618,2.5
4619,2.5
4620,2.5
4621,2.5
4622,2.5
4623,2.5
4624,2.5
4625,2.5
4626,2.5
4627,2.5
4628,2.5
4629,2.5
4630,2.5
4631,2.5
4632,2.5
4633,2.5
4634,2.5
4635,2.5
4636,2.5
4637,2.5
4638,2.5
4639,2.5
4640,2.5
4641,2.5
4642,2.5
4643,2.5
4644,2.5
4645,2.5
4646,2.5
4647,2.5
4648,2.5
4649,2.5
4650,2.5
4651,2.5
4652,2.5
4653,2.5
4654,2.5
4655,2.5
4656,2.5
4657,2.5
4658,2.5
4659,2.5
4660,2.5
4661,2.5
4662,2.5
4663,2.5
4664,2.5
4665,2.5
4666,2.5
4667,2.5
4668,2.5
4669,2.5
4670,2.5
4671,2.5
4672,2.5
4673,2.5
4674,2.5
4675,2.5
4676,2.5
4677,2.5
4678,2.5
4679,2.5
4680,2.5
4681,2.5
4682,2.5
4683,2.5
4684,2.5
4685,2.5
4686,2.5
4687,2.5
4688,2.5
4689,2.5
4690,2.5
4691,2.5
4692,2.5
4693,2.5
4694,2.5
4695,2.5
4696,2.5
4697,2.5
4698,2.5
4699,2.5
4700,2.5
4701,2.5
4702,2.5
4703,2.5
4704,2.5
4705,2.5
4706,2.5
4707,2.5
4708,2.5
4709,2.5
4710,2.5
4711,2.5
4712,2.5
4713,2.5
4714,2.5
4715,2.5
4716,2.5
4717,2.5
4718,2.5
4719,2.5
4720,2.5
4721,2.5
4722,2.5
4723,2.5
4724,2.5
4725,2.5
4726,2.5
4727,2.5
4728,2.5
4729,2.5
4730,2.5
4731,2.5
4732,2.5
4733,2.5
4734,2.5
4735,2.5
4736,2.5
4737,2.5
4738,2.5
4739,2.5
4740,2.5
4741,2.5
4742,2.5
4743,2.5
4744,2.5
4745,2.5
4746,2.5
4747,2.5
4748,2.5
4749,2.5
4750,2.5
4751,2.5
4752,2.5
4753,2.5
4754,2.5
4755,2.5
4756,2.5
4757,2.5
4758,2.5
4759,2.5
4760,2.5
4761,2.5
4762,2.5
4763,2.5
4764,2.5
4765,2.5
4766,2.5
4767,2.5
4768,2.5
4769,2.5
4770,2.5
4771,2.5
4772,2.5
4773,2.5
4774,2.5
4775,2.5
4776,2.5
4777,2.5
4778,2.5
4779,2.5
4780,2.5
4781,2.5
4782,2.5
4783,2.5
4784,2.5
4785,2.5
4786,2.5
4787,2.5
4788,2.5
4789,2.5
4790,2.5
4791,2.5
4792,2.5
4793,2.5
4794,2.5
4795,2.5
4796,2.5
4797,2.5
4798,2.5
4799,2.5
4800,2.5
4801,2.5
4802,2.5
4803,2.5
4804,2.5
4805,2.5
4806,2.5
4807,2.5
4808,2.5
4809,2.5
4810,2.5
4811,2.5
4812,2.5
4813,2.5
4814,2.5
4815,2.5
4816,2.5
4817,2.5
4818,2.5
4819,2.5
4820,2.5
4821,2.5
4822,2.5
4823,2.5
4824,2.5
4825,2.5
4826,2.5
4827,2.5
4828,2.5
4829,2.5
4830,2.5
4831,2.5
4832,2.5
4833,2.5
4834,2.5
4835,2.5
4836,2.5
4837,2.5
4838,2.5
4839,2.5
4840,2.5
4841,2.5
4842,2.5
4843,2.5
4844,2.5
4845,2.5
4846,2.5
4847,2.5
4848,2.5
4849,2.5
4850,2.5
4851,2.5
4852,2.5
4853,2.5
4854,2.5
4855,2.5
4856,2.5
4857,2.5
4858,2.5
4859,2.5
4860,2.5
4861,2.5
4862,2.5
4863,2.5
4864,2.5
4865,2.5
4866,2.5
4867,2.5
4868,2.5
4869,2.5
4870,2.5
4871,2.5
4872,2.5
4873,2.5
4874,2.5
4875,2.5
4876,2.5
4877,2.5
4878,2.5
4879,2.5
4880,2.5
4881,2.5
4882,2.5
4883,2.5
4884,2.5
4885,2.5
4886,2.5
4887,2.5
4888,2.5
4889,2.5
4890,2.5
4891,2.5
4892,2.5
4893,2.5
4894,2.5
4895,2.5
4896,2.5
4897,2.5
4898,2.5
4899,2.5
4900,2.5
4901,2.5
4902,2.5
4903,2.5
4904,2.5
4905,2.5
4906,2.5
4907,2.5
4908,2.5
4909,2.5
4910,2.5
4911,2.5
4912,2.5
4913,2.5
4914,2.5
4915,2.5
4916,2.5
4917,2.5
4918,2.5
4919,2.5
4920,2.5
4921,2.5
4922,2.5
4923,2.5
4924,2.5
4925,2.5
4926,2.5
4927,2.5
4928,2.5
4929,2.5
4930,2.5
4931,2.5
4932,2.5
4933,2.5
4934,2.5
4935,2.5
4936,2.5
4937,2.5
4938,2.5
4939,2.5
4940,2.5
4941,2.5
4942,2.5
4943,2.5
4944,2.5
4945,2.5
4946,2.5
4947,2.5
4948,2.5
4949,2.5
4950,2.5
4951,2.5
4952,2.5
4953,2.5
4954,2.5
4955,2.5
4956,2.5
4957,2.5
4958,2.5
4959,2.5
4960,2.5
4961,2.5
4962,2.5
4963,2.5
4964,2.5
4965,2.5
4966,2.5
4967,2.5
4968,2.5
4969,2.5
4970,2.5
4971,2.5
4972,2.5
4973,2.5
4974,2.5
4975,2.5
4976,2.5
4977,2.5
4978,2.5
4979,2.5
4980,2.5
4981,2.5
4982,2.5
4983,2.5
4984,2.5
4985,2.5
4986,2.5
4987,2.5
4988,2.5
4989,2.5
4990,2.5
4991,2.5
4992,2.5
4993,2.5
4994,2.5
4995,2.5
4996,2.5
4997,2.5
4998,2.5
4999,2.5
5000,2.5
5001,2.5
5002,2.5
5003,2.5
5004,2.5
5005,2.5
5006,2.5
5007,2.5
5008,2.5
5009,2.5
5010,2.5
5011,2.5
5012,2.5
5013,2.5
5014,2.5
5015,2.5
5016,2.5
5017,2.5
5018,2.5
5019,2.5
5020,2.5
5021,2.5
5022,2.5
5023,2.5
5024,2.5
5025,2.5
5026,2.5
5027,2.5
5028,2.5
5029,2.5
5030,2.5
5031,2.5
5032,2.5
5033,2.5
5034,2.5
5035,2.5
5036,2.5
5037,2.5
5038,2.5
5039,2.5
5040,2.5
5041,2.5
5042,2.5
5043,2.5
5044,2.5
5045,2.5
5046,2.5
5047,2.5
5048,2.5
5049,2.5
5050,2.5
5051,2.5
5052,2.5
5053,2.5
5054,2.5
5055,2.5
5056,2.5
5057,2.5
5058,2.5
5059,2.5
5060,2.5
5061,2.5
5062,2.5
5063,2.5
5064,2.5
5065,2.5
5066,2.5
5067,2.5
5068,2.5
5069,2.5
5070,2.5
5071,2.5
5072,2.5
5073,2.5
5074,2.5
5075,2.5
5076,2.5
5077,2.5
5078,2.5
5079,2.5
5080,2.5
5081,2.5
5082,2.5
5083,2.5
5084,2.5
5085,2.5
5086,2.5
5087,2.5
5088,2.5
5089,2.5
5090,2.5
5091,2.5
5092,2.5
5093,2.5
5094,2.5
5095,2.5
5096,2.5
5097,2.5
5098,2.5
5099,2.5
5100,2.5
5101,2.5
5102,2.5
5103,2.5
5104,2.5
5105,2.5
5106,2.5
5107,2.5
5108,2.5
5109,2.5
5110,2.5
5111,2.5
5112,2.5
5113,2.5
5114,2.5
5115,2.5
5116,2.5
5117,2.5
5118,2.5
5119,2.5
5120,2.5
5121,2.5
5122,2.5
5123,2.5
5124,2.5
5125,2.5
5126,2.5
5127,2.5
5128,2.5
5129,2.5
5130,2.5
5131,2.5
5132,2.5
5133,2.5
5134,2.5
5135,2.5
5136,2.5
5137,2.5
5138,2.5
5139,2.5
5140,2.5
5141,2.5
5142,2.5
5143,2.5
5144,2.5
5145,2.5
5146,2.5
5147,2.5
5148,2.5
5149,2.5
5150,2.5
5151,2.5
5152,2.5
5153,2.5
5154,2.5
5155,2.5
5156,2.5
5157,2.5
5158,2.5
5159,2.5
5160,2.5
5161,2.5
5162,2.5
5163,2.5
5164,2.5
5165,2.5
5166,2.5
5167,2.5
5168,2.5
5169,2.5
5170,2.5
5171,2.5
5172,2.5
5173,2.5
5174,2.5
5175,2.5
5176,2.5
5177,2.5
5178,2.5
5179,2.5
5180,2.5
5181,2.5
5182,2.5
5183,2.5
5184,2.5
5185,2.5
5186,2.5
5187,2.5
5188,2.5
5189,2.5
5190,2.5
5191,2.5
5192,2.5
5193,2.5
5194,2.5
5195,2.5
5196,2.5
5197,2.5
5198,2.5
5199,2.5
5200,2.5
5201,2.5
5202,2.5
5203,2.5
5204,2.5
5205,2.5
5206,2.5
5207,2.5
5208,2.5
5209,2.5
5210,2.5
5211,2.5
5212,2.5
5213,2.5
5214,2.5
5215,2.5
5216,2.5
5217,2.5
5218,2.5
5219,2.5
5220,2.5
5221,2.5
5222,2.5
5223,2.5
5224,2.5
5225,2.5
5226,2.5
5227,2.5
5228,2.5
5229,2.5
5230,2.5
5231,2.5
5232,2.5
5233,2.5
5234,2.5
5235,2.5
5236,2.5
5237,2.5
5238,2.5
5239,2.5
5240,2.5
5241,2.5
5242,2.5
5243,2.5
5244,2.5
5245,2.5
5246,2.5
5247,2.5
5248,2.5
5249,2.5
5250,2.5
5251,2.5
5252,2.5
5253,2.5
5254,2.5
5255,2.5
5256,2.5
5257,2.5
5258,2.5
5259,2.5
5260,2.5
5261,2.5
5262,2.5
5263,2.5
5264,2.5
5265,2.5
5266,2.5
5267,2.5
5268,2.5
5269,2.5
5270,2.5
5271,2.5
5272,2.5
5273,2.5
5274,2.5
5275,2.5
5276,2.5
5277,2.5
5278,2.5
5279,2.5
5280,2.5
5281,2.5
5282,2.5
5283,2.5
5284,2.5
5285,2.5
5286,2.5
5287,2.5
5288,2.5
5289,2.5
5290,2.5
5291,2.5
5292,2.5
5293,2.5
5294,2.5
5295,2.5
5296,2.5
5297,2.5
5298,2.5
5299,2.5
5300,2.5
5301,2.5
5302,2.5
5303,2.5
5304,2.5
5305,2.5
5306,2.5
5307,2.5
5308,2.5
5309,2.5
5310,2.5
5311,2.5
5312,2.5
5313,2.5
5314,2.5
5315,2.5
5316,2.5
5317,2.5
5318,2.5
5319,2.5
5320,2.5
5321,2.5
5322,2.5
5323,2.5
5324,2.5
5325,2.5
5326,2.5
5327,2.5
5328,2.5
5329,2.5
5330,2.5
5331,2.5
5332,2.5
5333,2.5
5334,2.5
5335,2.5
5336,2.5
5337,2.5
5338,2.5
5339,2.5
5340,2.5
5341,2.5
5342,2.5
5343,2.5
5344,2.5
5345,2.5
5346,2.5
5347,2.5
5348,2.5
5349,2.5
5350,2.5
5351,2.5
5352,2.5
5353,2.5
5354,2.5
5355,2.5
5356,2.5
5357,2.5
5358,2.5
5359,2.5
5360,2.5
5361,2.5
5362,2.5
5363,2.5
5364,2.5
5365,2.5
5366,2.5
5367,2.5
5368,2.5
5369,2.5
5370,2.5
5371,2.5
5372,2.5
5373,2.5
5374,2.5
5375,2.5
5376,2.5
5377,2.5
5378,2.5
5379,2.5
5380,2.5
5381,2.5
5382,2.5
5383,2.5
5384,2.5
5385,2.5
5386,2.5
5387,2.5
5388,2.5
5389,2.5
5390,2.5
5391,2.5
5392,2.5
5393,2.5
5394,2.5
5395,2.5
5396,2.5
5397,2.5
5398,2.5
5399,2.5
5400,2.5
5401,2.5
5402,2.5
5403,2.5
5404,2.5
5405,2.5
5406,2.5
5407,2.5
5408,2.5
5409,2.5
5410,2.5
5411,2.5
5412,2.5
5413,2.5
5414,2.5
5415,2.5
5416,2.5
5417,2.5
5418,2.5
5419,2.5
5420,2.5
5421,2.5
5422,2.5
5423,2.5
5424,2.5
5425,2.5
5426,2.5
5427,2.5
5428,2.5
5429,2.5
5430,2.5
5431,2.5
5432,2.5
5433,2.5
5434,2.5
5435,2.5
5436,2.5
5437,2.5
5438,2.5
5439,2.5
5440,2.5
5441,2.5
5442,2.5
5443,2.5
5444,2.5
5445,2.5
5446,2.5
5447,2.5
5448,2.5
5449,2.5
5450,2.5
5451,2.5
5452,2.5
5453,2.5
5454,2.5
5455,2.5
5456,2.5
5457,2.5
5458,2.5
5459,2.5
5460,2.5
5461,2.5
5462,2.5
5463,2.5
5464,2.5
5465,2.5
5466,2.5
5467,2.5
5468,2.5
5469,2.5
5470,2.5
5471,2.5
5472,2.5
5473,2.5
5474,2.5
5475,2.5
5476,2.5
5477,2.5
5478,2.5
5479,2.5
5480,2.5
5481,2.5
5482,2.5
5483,2.5
5484,2.5
5485,2.5
5486,2.5
5487,2.5
5488,2.5
5489,2.5
5490,2.5
5491,2.5
5492,2.5
5493,2.5
5494,2.5
5495,2.5
5496,2.5
5497,2.5
5498,2.5
5499,2.5
5500,2.5
5501,2.5
5502,2.5
5503,2.5
5504,2.5
5505,2.5
5506,2.5
5507,2.5
5508,2.5
5509,2.5
5510,2.5
5511,2.5
5512,2.5
5513,2.5
5514,2.5
5515,2.5
5516,2.5
5517,2.5
5518,2.5
5519,2.5
5520,2.5
5521,2.5
5522,2.5
5523,2.5
5524,2.5
5525,2.5
5526,2.5
5527,2.5
5528,2.5
5529,2.5
5530,2.5
5531,2.5
5532,2.5
5533,2.5
5534,2.5
5535,2.5
5536,2.5
5537,2.5
5538,2.5
5539,2.5
5540,2.5
5541,2.5
5542,2.5
5543,2.5
5544,2.5
5545,2.5
5546,2.5
5547,2.5
5548,2.5
5549,2.5
5550,2.5
5551,2.5
5552,2.5
5553,2.5
5554,2.5
5555,2.5
5556,2.5
5557,2.5
5558,2.5
5559,2.5
5560,2.5
5561,2.5
5562,2.5
5563,2.5
5564,2.5
5565,2.5
5566,2.5
5567,2.5
5568,2.5
5569,2.5
5570,2.5
5571,2.5
5572,2.5
5573,2.5
5574,2.5
5575,2.5
5576,2.5
5577,2.5
5578,2.5
5579,2.5
5580,2.5
5581,2.5
5582,2.5
5583,2.5
5584,2.5
5585,2.5
5586,2.5
5587,2.5
5588,2.5
5589,2.5
5590,2.5
5591,2.5
5592,2.5
5593,2.5
5594,2.5
5595,2.5
5596,2.5
5597,2.5
5598,2.5
5599,2.5
5600,2.5
5601,2.5
5602,2.5
5603,2.5
5604,2.5
5605,2.5
5606,2.5
5607,2.5
5608,2.5
5609,2.5
5610,2.5
5611,2.5
5612,2.5
5613,2.5
5614,2.5
5615,2.5
5616,2.5
5617,2.5
5618,2.5
5619,2.5
5620,2.5
5621,2.5
5622,2.5
5623,2.5
5624,2.5
5625,2.5
5626,2.5
5627,2.5
5628,2.5
5629,2.5
5630,2.5
5631,2.5
5632,2.5
5633,2.5
5634,2.5
5635,2.5
5636,2.5
5637,2.5
5638,2.5
5639,2.5
5640,2.5
5641,2.5
5642,2.5
5643,2.5
5644,2.5
5645,2.5
5646,2.5
5647,2.5
5648,2.5
5649,2.5
5650,2.5
5651,2.5
5652,2.5
5653,2.5
5654,2.5
5655,2.5
5656,2.5
5657,2.5
5658,2.5
5659,2.5
5660,2.5
5661,2.5
5662,2.5
5663,2.5
5664,2.5
5665,2.5
5666,2.5
5667,2.5
5668,2.5
5669,2.5
5670,2.5
5671,2.5
5672,2.5
5673,2.5
5674,2.5
5675,2.5
5676,2.5
5677,2.5
5678,2.5
5679,2.5
5680,2.5
5681,2.5
5682,2.5
5683,2.5
5684,2.5
5685,2.5
5686,2.5
5687,2.5
5688,2.5
5689,2.5
5690,2.5
5691,2.5
5692,2.5
5693,2.5
5694,2.5
5695,2.5
5696,2.5
5697,2.5
5698,2.5
5699,2.5
5700,2.5
5701,2.5
5702,2.5
5703,2.5
5704,2.5
5705,2.5
5706,2.5
5707,2.5
5708,2.5
5709,2.5
5710,2.5
5711,2.5
5712,2.5
5713,2.5
5714,2.5
5715,2.5
5716,2.5
5717,2.5
5718,2.5
5719,2.5
5720,2.5
5721,2.5
5722,2.5
5723,2.5
5724,2.5
5725,2.5
5726,2.5
5727,2.5
5728,2.5
5729,2.5
5730,2.5
5731,2.5
5732,2.5
5733,2.5
5734,2.5
5735,2.5
5736,2.5
5737,2.5
5738,2.5
5739,2.5
5740,2.5
5741,2.5
5742,2.5
5743,2.5
5744,2.5
5745,2.5
5746,2.5
5747,2.5
5748,2.5
5749,2.5
5750,2.5
5751,2.5
5752,2.5
5753,2.5
5754,2.5
5755,2.5
5756,2.5
5757,2.5
5758,2.5
5759,2.5
5760,2.5
5761,2.5
5762,2.5
5763,2.5
5764,2.5
5765,2.5
5766,2.5
5767,2.5
5768,2.5
5769,2.5
5770,2.5
5771,2.5
5772,2.5
5773,2.5
5774,2.5
5775,2.5
5776,2.5
5777,2.5
5778,2.5
5779,2.5
5780,2.5
5781,2.5
5782,2.5
5783,2.5
5784,2.5
5785,2.5
5786,2.5
5787,2.5
5788,2.5
5789,2.5
5790,2.5
5791,2.5
5792,2.5
5793,2.5
5794,2.5
5795,2.5
5796,2.5
5797,2.5
5798,2.5
5799,2.5
5800,2.5
5801,2.5
5802,2.5
5803,2.5
5804,2.5
5805,2.5
5806,2.5
5807,2.5
5808,2.5
5809,2.5
5810,2.5
5811,2.5
5812,2.5
5813,2.5
5814,2.5
5815,2.5
5816,2.5
5817,2.5
5818,2.5
5819,2.5
5820,2.5
5821,2.5
5822,2.5
5823,2.5
5824,2.5
5825,2.5
5826,2.5
5827,2.5
5828,2.5
5829,2.5
5830,2.5
5831,2.5
5832,2.5
5833,2.5
5834,2.5
5835,2.5
5836,2.5
5837,2.5
5838,2.5
5839,2.5
5840,2.5
5841,2.5
5842,2.5
5843,2.5
5844,2.5
5845,2.5
5846,2.5
5847,2.5
5848,2.5
5849,2.5
5850,2.5
5851,2.5
5852,2.5
5853,2.5
5854,2.5
5855,2.5
5856,2.5
5857,2.5
5858,2.5
5859,2.5
5860,2.5
5861,2.5
5862,2.5
5863,2.5
5864,2.5
5865,2.5
5866,2.5
5867,2.5
5868,2.5
5869,2.5
5870,2.5
5871,2.5
5872,2.5
5873,2.5
5874,2.5
5875,2.5
5876,2.5
5877,2.5
5878,2.5
5879,2.5
5880,2.5
5881,2.5
5882,2.5
5883,2.5
5884,2.5
5885,2.5
5886,2.5
5887,2.5
5888,2.5
5889,2.5
5890,2.5
5891,2.5
5892,2.5
5893,2.5
5894,2.5
5895,2.5
5896,2.5
5897,2.5
5898,2.5
5899,2.5
5900,2.5
5901,2.5
5902,2.5
5903,2.5
5904,2.5
5905,2.5
5906,2.5
5907,2.5
5908,2.5
5909,2.5
5910,2.5
5911,2.5
5912,2.5
5913,2.5
5914,2.5
5915,2.5
5916,2.5
5917,2.5
5918,2.5
5919,2.5
5920,2.5
5921,2.5
5922,2.5
5923,2.5
5924,2.5
5925,2.5
5926,2.5
5927,2.5
5928,2.5
5929,2.5
5930,2.5
5931,2.5
5932,2.5
5933,2.5
5934,2.5
5935,2.5
5936,2.5
5937,2.5
5938,2.5
5939,2.5
5940,2.5
5941,2.5
5942,2.5
5943,2.5
5944,2.5
5945,2.5
5946,2.5
5947,2.5
5948,2.5
5949,2.5
5950,2.5
5951,2.5
5952,2.5
5953,2.5
5954,2.5
5955,2.5
5956,2.5
5957,2.5
5958,2.5
5959,2.5
5960,2.5
5961,2.5
5962,2.5
5963,2.5
5964,2.5
5965,2.5
5966,2.5
5967,2.5
5968,2.5
5969,2.5
5970,2.5
5971,2.5
5972,2.5
5973,2.5
5974,2.5
5975,2.5
5976,2.5
5977,2.5
5978,2.5
5979,2.5
5980,2.5
5981,2.5
5982,2.5
5983,2.5
5984,2.5
5985,2.5
5986,2.5
5987,2.5
5988,2.5
5989,2.5
5990,2.5
5991,2.5
5992,2.5
5993,2.5
5994,2.5
5995,2.5
5996,2.5
5997,2.5
5998,2.5
5999,2.5
6000,2.5
6001,2.5
6002,2.5
6003,2.5
6004,2.5
6005,2.5
6006,2.5
6007,2.5
6008,2.5
6009,2.5
6010,2.5
6011,2.5
6012,2.5
6013,2.5
6014,2.5
6015,2.5
6016,2.5
6017,2.5
6018,2.5
6019,2.5
6020,2.5
6021,2.5
6022,2.5
6023,2.5
6024,2.5
6025,2.5
6026,2.5
6027,2.5
6028,2.5
6029,2.5
6030,2.5
6031,2.5
6032,2.5
6033,2.5
6034,2.5
6035,2.5
6036,2.5
6037,2.5
6038,2.5
6039,2.5
6040,2.5
6041,2.5
6042,2.5
6043,2.5
6044,2.5
6045,2.5
6046,2.5
6047,2.5
6048,2.5
6049,2.5
6050,2.5
6051,2.5
6052,2.5
6053,2.5
6054,2.5
6055,2.5
6056,2.5
6057,2.5
6058,2.5
6059,2.5
6060,2.5
6061,2.5
6062,2.5
6063,2.5
6064,2.5
6065,2.5
6066,2.5
6067,2.5
6068,2.5
6069,2.5
6070,2.5
6071,2.5
6072,2.5
6073,2.5
6074,2.5
6075,2.5
6076,2.5
6077,2.5
6078,2.5
6079,2.5
6080,2.5
6081,2.5
6082,2.5
6083,2.5
6084,2.5
6085,2.5
6086,2.5
6087,2.5
6088,2.5
6089,2.5
6090,2.5
6091,2.5
6092,2.5
6093,2.5
6094,2.5
6095,2.5
6096,2.5
6097,2.5
6098,2.5
6099,2.5
6100,2.5
6101,2.5
6102,2.5
6103,2.5
6104,2.5
6105,2.5
6106,2.5
6107,2.5
6108,2.5
6109,2.5
6110,2.5
6111,2.5
6112,2.5
6113,2.5
6114,2.5
6115,2.5
6116,2.5
6117,2.5
6118,2.5
6119,2.5
6120,2.5
6121,2.5
6122,2.5
6123,2.5
6124,2.5
6125,2.5
6126,2.5
6127,2.5
6128,2.5
6129,2.5
6130,2.5
6131,2.5
6132,2.5
6133,2.5
6134,2.5
6135,2.5
6136,2.5
6137,2.5
6138,2.5
6139,2.5
6140,2.5
6141,2.5
6142,2.5
6143,2.5
6144,2.5
6145,2.5
6146,2.5
6147,2.5
6148,2.5
6149,2.5
6150,2.5
6151,2.5
6152,2.5
6153,2.5
6154,2.5
6155,2.5
6156,2.5
6157,2.5
6158,2.5
6159,2.5
6160,2.5
6161,2.5
6162,2.5
6163,2.5
6164,2.5
6165,2.5
6166,2.5
6167,2.5
6168,2.5
6169,2.5
6170,2.5
6171,2.5
6172,2.5
6173,2.5
6174,2.5
6175,2.5
6176,2.5
6177,2.5
6178,2.5
6179,2.5
6180,2.5
6181,2.5
6182,2.5
6183,2.5
6184,2.5
6185,2.5
6186,2.5
6187,2.5
6188,2.5
6189,2.5
6190,2.5
6191,2.5
6192,2.5
6193,2.5
6194,2.5
6195,2.5
6196,2.5
6197,2.5
6198,2.5
6199,2.5
6200,2.5
6201,2.5
6202,2.5
6203,2.5
6204,2.5
6205,2.5
6206,2.5
6207,2.5
6208,2.5
6209,2.5
6210,2.5
6211,2.5
6212,2.5
6213,2.5
6214,2.5
6215,2.5
6216,2.5
6217,2.5
6218,2.5
6219,2.5
6220,2.5
6221,2.5
6222,2.5
6223,2.5
6224,2.5
6225,2.5
6226,2.5
6227,2.5
6228,2.5
6229,2.5
6230,2.5
6231,2.5
6232,2.5
6233,2.5
6234,2.5
6235,2.5
6236,2.5
6237,2.5
6238,2.5
6239,2.5
6240,2.5
6241,2.5
6242,2.5
6243,2.5
6244,2.5
6245,2.5
6246,2.5
6247,2.5
6248,2.5
6249,2.5
6250,2.5
6251,2.5
6252,2.5
6253,2.5
6254,2.5
6255,2.5
6256,2.5
6257,2.5
6258,2.5
6259,2.5
6260,2.5
6261,2.5
6262,2.5
6263,2.5
6264,2.5
6265,2.5
6266,2.5
6267,2.5
6268,2.5
6269,2.5
6270,2.5
6271,2.5
6272,2.5
6273,2.5
6274,2.5
6275,2.5
6276,2.5
6277,2.5
6278,2.5
6279,2.5
6280,2.5
6281,2.5
6282,2.5
6283,2.5
6284,2.5
6285,2.5
6286,2.5
6287,2.5
6288,2.5
6289,2.5
6290,2.5
6291,2.5
6292,2.5
6293,2.5
6294,2.5
6295,2.5
6296,2.5
6297,2.5
6298,2.5
6299,2.5
6300,2.5
6301,2.5
6302,2.5
6303,2.5
6304,2.5
6305,2.5
6306,2.5
6307,2.5
6308,2.5
6309,2.5
6310,2.5
6311,2.5
6312,2.5
6313,2.5
6314,2.5
6315,2.5
6316,2.5
6317,2.5
6318,2.5
6319,2.5
6320,2.5
6321,2.5
6322,2.5
6323,2.5
6324,2.5
6325,2.5
6326,2.5
6327,2.5
6328,2.5
6329,2.5
6330,2.5
6331,2.5
6332,2.5
6333,2.5
6334,2.5
6335,2.5
6336,2.5
6337,2.5
6338,2.5
6339,2.5
6340,2.5
6341,2.5
6342,2.5
6343,2.5
6344,2.5
6345,2.5
6346,2.5
6347,2.5
6348,2.5
6349,2.5
6350,2.5
6351,2.5
6352,2.5
6353,2.5
6354,2.5
6355,2.5
6356,2.5
6357,2.5
6358,2.5
6359,2.5
6360,2.5
6361,2.5
6362,2.5
6363,2.5
6364,2.5
6365,2.5
6366,2.5
6367,2.5
6368,2.5
6369,2.5
6370,2.5
6371,2.5
6372,2.5
6373,2.5
6374,2.5
6375,2.5
6376,2.5
6377,2.5
6378,2.5
6379,2.5
6380,2.5
6381,2.5
6382,2.5
6383,2.5
6384,2.5
6385,2.5
6386,2.5
6387,2.5
6388,2.5
6389,2.5
6390,2.5
6391,2.5
6392,2.5
6393,2.5
6394,2.5
6395,2.5
6396,2.5
6397,2.5
6398,2.5
6399,2.5
6400,2.5
6401,2.5
6402,2.5
6403,2.5
6404,2.5
6405,2.5
6406,2.5
6407,2.5
6408,2.5
6409,2.5
6410,2.5
6411,2.5
6412,2.5
6413,2.5
6414,2.5
6415,2.5
6416,2.5
6417,2.5
6418,2.5
6419,2.5
6420,2.5
6421,2.5
6422,2.5
6423,2.5
6424,2.5
6425,2.5
6426,2.5
6427,2.5
6428,2.5
6429,2.5
6430,2.5
6431,2.5
6432,2.5
6433,2.5
6434,2.5
6435,2.5
6436,2.5
6437,2.5
6438,2.5
6439,2.5
6440,2.5
6441,2.5
6442,2.5
6443,2.5
6444,2.5
6445,2.5
6446,2.5
6447,2.5
6448,2.5
6449,2.5
6450,2.5
6451,2.5
6452,2.5
6453,2.5
6454,2.5
6455,2.5
6456,2.5
6457,2.5
6458,2.5
6459,2.5
6460,2.5
6461,2.5
6462,2.5
6463,2.5
6464,2.5
6465,2.5
6466,2.5
6467,2.5
6468,2.5
6469,2.5
6470,2.5
6471,2.5
6472,2.5
6473,2.5
6474,2.5
6475,2.5
6476,2.5
6477,2.5
6478,2.5
6479,2.5
6480,2.5
6481,2.5
6482,2.5
6483,2.5
6484,2.5
6485,2.5
6486,2.5
6487,2.5
6488,2.5
6489,2.5
6490,2.5
6491,2.5
6492,2.5
6493,2.5
6494,2.5
6495,2.5
6496,2.5
6497,2.5
6498,2.5
6499,2.5
6500,2.5
6501,2.5
6502,2.5
6503,2.5
6504,2.5
6505,2.5
6506,2.5
6507,2.5
6508,2.5
6509,2.5
6510,2.5
6511,2.5
6512,2.5
6513,2.5
6514,2.5
6515,2.5
6516,2.5
6517,2.5
6518,2.5
6519,2.5
6520,2.5
6521,2.5
6522,2.5
6523,2.5
6524,2.5
6525,2.5
6526,2.5
6527,2.5
6528,2.5
6529,2.5
6530,2.5
6531,2.5
6532,2.5
6533,2.5
6534,2.5
6535,2.5
6536,2.5
6537,2.5
6538,2.5
6539,2.5
6540,2.5
6541,2.5
6542,2.5
6543,2.5
6544,2.5
6545,2.5
6546,2.5
6547,2.5
6548,2.5
6549,2.5
6550,2.5
6551,2.5
6552,2.5
6553,2.5
6554,2.5
6555,2.5
6556,2.5
6557,2.5
6558,2.5
6559,2.5
6560,2.5
6561,2.5
6562,2.5
6563,2.5
6564,2.5
6565,2.5
6566,2.5
6567,2.5
6568,2.5
6569,2.5
6570,2.5
6571,2.5
6572,2.5
6573,2.5
6574,2.5
6575,2.5
6576,2.5
6577,2.5
6578,2.5
6579,2.5
6580,2.5
6581,2.5
6582,2.5
6583,2.5
6584,2.5
6585,2.5
6586,2.5
6587,2.5
6588,2.5
6589,2.5
6590,2.5
6591,2.5
6592,2.5
6593,2.5
6594,2.5
6595,2.5
6596,2.5
6597,2.5
6598,2.5
6599,2.5
6600,2.5
6601,2.5
6602,2.5
6603,2.5
6604,2.5
6605,2.5
6606,2.5
6607,2.5
6608,2.5
6609,2.5
6610,2.5
6611,2.5
6612,2.5
6613,2.5
6614,2.5
6615,2.5
6616,2.5
6617,2.5
6618,2.5
6619,2.5
6620,2.5
6621,2.5
6622,2.5
6623,2.5
6624,2.5
6625,2.5
6626,2.5
6627,2.5
6628,2.5
6629,2.5
6630,2.5
6631,2.5
6632,2.5
6633,2.5
6634,2.5
6635,2.5
6636,2.5
6637,2.5
6638,2.5
6639,2.5
6640,2.5
6641,2.5
6642,2.5
6643,2.5
6644,2.5
6645,2.5
6646,2.5
6647,2.5
6648,2.5
6649,2.5
6650,2.5
6651,2.5
6652,2.5
6653,2.5
6654,2.5
6655,2.5
6656,2.5
6657,2.5
6658,2.5
6659,2.5
6660,2.5
6661,2.5
6662,2.5
6663,2.5
6664,2.5
6665,2.5
6666,2.5
6667,2.5
6668,2.5
6669,2.5
6670,2.5
6671,2.5
6672,2.5
6673,2.5
6674,2.5
6675,2.5
6676,2.5
6677,2.5
6678,2.5
6679,2.5
6680,2.5
6681,2.5
6682,2.5
6683,2.5
6684,2.5
6685,2.5
6686,2.5
6687,2.5
6688,2.5
6689,2.5
6690,2.5
6691,2.5
6692,2.5
6693,2.5
6694,2.5
6695,2.5
6696,2.5
6697,2.5
6698,2.5
6699,2.5
6700,2.5
6701,2.5
6702,2.5
6703,2.5
6704,2.5
6705,2.5
6706,2.5
6707,2.5
6708,2.5
6709,2.5
6710,2.5
6711,2.5
6712,2.5
6713,2.5
6714,2.5
6715,2.5
6716,2.5
6717,2.5
6718,2.5
6719,2.5
6720,2.5
6721,2.5
6722,2.5
6723,2.5
6724,2.5
6725,2.5
6726,2.5
6727,2.5
6728,2.5
6729,2.5
6730,2.5
6731,2.5
6732,2.5
6733,2.5
6734,2.5
6735,2.5
6736,2.5
6737,2.5
6738,2.5
6739,2.5
6740,2.5
6741,2.5
6742,2.5
6743,2.5
6744,2.5
6745,2.5
6746,2.5
6747,2.5
6748,2.5
6749,2.5
6750,2.5
6751,2.5
6752,2.5
6753,2.5
6754,2.5
6755,2.5
6756,2.5
6757,2.5
6758,2.5
6759,2.5
6760,2.5
6761,2.5
6762,2.5
6763,2.5
6764,2.5
6765,2.5
6766,2.5
6767,2.5
6768,2.5
6769,2.5
6770,2.5
6771,2.5
6772,2.5
6773,2.5
6774,2.5
6775,2.5
6776,2.5
6777,2.5
6778,2.5
6779,2.5
6780,2.5
6781,2.5
6782,2.5
6783,2.5
6784,2.5
6785,2.5
6786,2.5
6787,2.5
6788,2.5
6789,2.5
6790,2.5
6791,2.5
6792,2.5
6793,2.5
6794,2.5
6795,2.5
6796,2.5
6797,2.5
6798,2.5
6799,2.5
6800,2.5
6801,2.5
6802,2.5
6803,2.5
6804,2.5
6805,2.5
6806,2.5
6807,2.5
6808,2.5
6809,2.5
6810,2.5
6811,2.5
6812,2.5
6813,2.5
6814,2.5
6815,2.5
6816,2.5
6817,2.5
6818,2.5
6819,2.5
6820,2.5
6821,2.5
6822,2.5
6823,2.5
6824,2.5
6825,2.5
6826,2.5
6827,2.5
6828,2.5
6829,2.5
6830,2.5
6831,2.5
6832,2.5
6833,2.5
6834,2.5
6835,2.5
6836,2.5
6837,2.5
6838,2.5
6839,2.5
6840,2.5
6841,2.5
6842,2.5
6843,2.5
6844,2.5
6845,2.5
6846,2.5
6847,2.5
6848,2.5
6849,2.5
6850,2.5
6851,2.5
6852,2.5
6853,2.5
6854,2.5
6855,2.5
6856,2.5
6857,2.5
6858,2.5
6859,2.5
6860,2.5
6861,2.5
6862,2.5
6863,2.5
6864,2.5
6865,2.5
6866,2.5
6867,2.5
6868,2.5
6869,2.5
6870,2.5
6871,2.5
6872,2.5
6873,2.5
6874,2.5
6875,2.5
6876,2.5
6877,2.5
6878,2.5
6879,2.5
6880,2.5
6881,2.5
6882,2.5
6883,2.5
6884,2.5
6885,2.5
6886,2.5
6887,2.5
6888,2.5
6889,2.5
6890,2.5
6891,2.5
6892,2.5
6893,2.5
6894,2.5
6895,2.5
6896,2.5
6897,2.5
6898,2.5
6899,2.5
6900,2.5
6901,2.5
6902,2.5
6903,2.5
6904,2.5
6905,2.5
6906,2.5
6907,2.5
6908,2.5
6909,2.5
6910,2.5
6911,2.5
6912,2.5
6913,2.5
6914,2.5
6915,2.5
6916,2.5
6917,2.5
6918,2.5
6919,2.5
6920,2.5
6921,2.5
6922,2.5
6923,2.5
6924,2.5
6925,2.5
6926,2.5
6927,2.5
6928,2.5
6929,2.5
6930,2.5
6931,2.5
6932,2.5
6933,2.5
6934,2.5
6935,2.5
6936,2.5
6937,2.5
6938,2.5
6939,2.5
6940,2.5
6941,2.5
6942,2.5
6943,2.5
6944,2.5
6945,2.5
6946,2.5
6947,2.5
6948,2.5
6949,2.5
6950,2.5
6951,2.5
6952,2.5
6953,2.5
6954,2.5
6955,2.5
6956,2.5
6957,2.5
6958,2.5
6959,2.5
6960,2.5
6961,2.5
6962,2.5
6963,2.5
6964,2.5
6965,2.5
6966,2.5
6967,2.5
6968,2.5
6969,2.5
6970,2.5
6971,2.5
6972,2.5
6973,2.5
6974,2.5
6975,2.5
6976,2.5
6977,2.5
6978,2.5
6979,2.5
6980,2.5
6981,2.5
6982,2.5
6983,2.5
6984,2.5
6985,2.5
6986,2.5
6987,2.5
6988,2.5
6989,2.5
6990,2.5
6991,2.5
6992,2.5
6993,2.5
6994,2.5
6995,2.5
6996,2.5
6997,2.5
6998,2.5
6999,2.5
7000,2.5
7001,2.5
7002,2.5
7003,2.5
7004,2.5
7005,2.5
7006,2.5
7007,2.5
7008,2.5
7009,2.5
7010,2.5
7011,2.5
7012,2.5
7013,2.5
7014,2.5
7015,2.5
7016,2.5
7017,2.5
7018,2.5
7019,2.5
7020,2.5
7021,2.5
7022,2.5
7023,2.5
7024,2.5
7025,2.5
7026,2.5
7027,2.5
7028,2.5
7029,2.5
7030,2.5
7031,2.5
7032,2.5
7033,2.5
7034,2.5
7035,2.5
7036,2.5
7037,2.5
7038,2.5
7039,2.5
7040,2.5
7041,2.5
7042,2.5
7043,2.5
7044,2.5
7045,2.5
7046,2.5
7047,2.5
7048,2.5
7049,2.5
7050,2.5
7051,2.5
7052,2.5
7053,2.5
7054,2.5
7055,2.5
7056,2.5
7057,2.5
7058,2.5
7059,2.5
7060,2.5
7061,2.5
7062,2.5
7063,2.5
7064,2.5
7065,2.5
7066,2.5
7067,2.5
7068,2.5
7069,2.5
7070,2.5
7071,2.5
7072,2.5
7073,2.5
7074,2.5
7075,2.5
7076,2.5
7077,2.5
7078,2.5
7079,2.5
7080,2.5
7081,2.5
7082,2.5
7083,2.5
7084,2.5
7085,2.5
7086,2.5
7087,2.5
7088,2.5
7089,2.5
7090,2.5
7091,2.5
7092,2.5
7093,2.5
7094,2.5
7095,2.5
7096,2.5
7097,2.5
7098,2.5
7099,2.5
7100,2.5
7101,2.5
7102,2.5
7103,2.5
7104,2.5
7105,2.5
7106,2.5
7107,2.5
7108,2.5
7109,2.5
7110,2.5
7111,2.5
7112,2.5
7113,2.5
7114,2.5
7115,2.5
7116,2.5
7117,2.5
7118,2.5
7119,2.5
7120,2.5
7121,2.5
7122,2.5
7123,2.5
7124,2.5
7125,2.5
7126,2.5
7127,2.5
7128,2.5
7129,2.5
7130,2.5
7131,2.5
7132,2.5
7133,2.5
7134,2.5
7135,2.5
7136,2.5
7137,2.5
7138,2.5
7139,2.5
7140,2.5
7141,2.5
7142,2.5
7143,2.5
7144,2.5
7145,2.5
7146,2.5
7147,2.5
7148,2.5
7149,2.5
7150,2.5
7151,2.5
7152,2.5
7153,2.5
7154,2.5
7155,2.5
7156,2.5
7157,2.5
7158,2.5
7159,2.5
7160,2.5
7161,2.5
7162,2.5
7163,2.5
7164,2.5
7165,2.5
7166,2.5
7167,2.5
7168,2.5
7169,2.5
7170,2.5
7171,2.5
7172,2.5
7173,2.5
7174,2.5
7175,2.5
7176,2.5
7177,2.5
7178,2.5
7179,2.5
7180,2.5
7181,2.5
7182,2.5
7183,2.5
7184,2.5
7185,2.5
7186,2.5
7187,2.5
7188,2.5
7189,2.5
7190,2.5
7191,2.5
7192,2.5
7193,2.5
7194,2.5
7195,2.5
7196,2.5
7197,2.5
7198,2.5
7199,2.5
7200,2.5
7201,2.5
7202,2.5
7203,2.5
7204,2.5
7205,2.5
7206,2.5
7207,2.5
7208,2.5
7209,2.5
7210,2.5
7211,2.5
7212,2.5
7213,2.5
7214,2.5
7215,2.5
7216,2.5
7217,2.5
7218,2.5
7219,2.5
7220,2.5
7221,2.5
7222,2.5
7223,2.5
7224,2.5
7225,2.5
7226,2.5
7227,2.5
7228,2.5
7229,2.5
7230,2.5
7231,2.5
7232,2.5
7233,2.5
7234,2.5
7235,2.5
7236,2.5
7237,2.5
7238,2.5
7239,2.5
7240,2.5
7241,2.5
7242,2.5
7243,2.5
7244,2.5
7245,2.5
7246,2.5
7247,2.5
7248,2.5
7249,2.5
7250,2.5
7251,2.5
7252,2.5
7253,2.5
7254,2.5
7255,2.5
7256,2.5
7257,2.5
7258,2.5
7259,2.5
7260,2.5
7261,2.5
7262,2.5
7263,2.5
7264,2.5
7265,2.5
7266,2.5
7267,2.5
7268,2.5
7269,2.5
7270,2.5
7271,2.5
7272,2.5
7273,2.5
7274,2.5
7275,2.5
7276,2.5
7277,2.5
7278,2.5
7279,2.5
7280,2.5
7281,2.5
7282,2.5
7283,2.5
7284,2.5
7285,2.5
7286,2.5
7287,2.5
7288,2.5
7289,2.5
7290,2.5
7291,2.5
7292,2.5
7293,2.5
7294,2.5
7295,2.5
7296,2.5
7297,2.5
7298,2.5
7299,2.5
7300,2.5
7301,2.5
7302,2.5
7303,2.5
7304,2.5
7305,2.5
7306,2.5
7307,2.5
7308,2.5
7309,2.5
7310,2.5
7311,2.5
7312,2.5
7313,2.5
7314,2.5
7315,2.5
7316,2.5
7317,2.5
7318,2.5
7319,2.5
7320,2.5
7321,2.5
7322,2.5
7323,2.5
7324,2.5
7325,2.5
7326,2.5
7327,2.5
7328,2.5
7329,2.5
7330,2.5
7331,2.5
7332,2.5
7333,2.5
7334,2.5
7335,2.5
7336,2.5
7337,2.5
7338,2.5
7339,2.5
7340,2.5
7341,2.5
7342,2.5
7343,2.5
7344,2.5
7345,2.5
7346,2.5
7347,2.5
7348,2.5
7349,2.5
7350,2.5
7351,2.5
7352,2.5
7353,2.5
7354,2.5
7355,2.5
7356,2.5
7357,2.5
7358,2.5
7359,2.5
7360,2.5
7361,2.5
7362,2.5
7363,2.5
7364,2.5
7365,2.5
7366,2.5
7367,2.5
7368,2.5
7369,2.5
7370,2.5
7371,2.5
7372,2.5
7373,2.5
7374,2.5
7375,2.5
7376,2.5
7377,2.5
7378,2.5
7379,2.5
7380,2.5
7381,2.5
7382,2.5
7383,2.5
7384,2.5
7385,2.5
7386,2.5
7387,2.5
7388,2.5
7389,2.5
7390,2.5
7391,2.5
7392,2.5
7393,2.5
7394,2.5
7395,2.5
7396,2.5
7397,2.5
7398,2.5
7399,2.5
7400,2.5
7401,2.5
7402,2.5
7403,2.5
7404,2.5
7405,2.5
7406,2.5
7407,2.5
7408,2.5
7409,2.5
7410,2.5
7411,2.5
7412,2.5
7413,2.5
7414,2.5
7415,2.5
7416,2.5
7417,2.5
7418,2.5
7419,2.5
7420,2.5
7421,2.5
7422,2.5
7423,2.5
7424,2.5
7425,2.5
7426,2.5
7427,2.5
7428,2.5
7429,2.5
7430,2.5
7431,2.5
7432,2.5
7433,2.5
7434,2.5
7435,2.5
7436,2.5
7437,2.5
7438,2.5
7439,2.5
7440,2.5
7441,2.5
7442,2.5
7443,2.5
7444,2.5
7445,2.5
7446,2.5
7447,2.5
7448,2.5
7449,2.5
7450,2.5
7451,2.5
7452,2.5
7453,2.5
7454,2.5
7455,2.5
7456,2.5
7457,2.5
7458,2.5
7459,2.5
7460,2.5
7461,2.5
7462,2.5
7463,2.5
7464,2.5
7465,2.5
7466,2.5
7467,2.5
7468,2.5
7469,2.5
7470,2.5
7471,2.5
7472,2.5
7473,2.5
7474,2.5
7475,2.5
7476,2.5
7477,2.5
7478,2.5
7479,2.5
7480,2.5
7481,2.5
7482,2.5
7483,2.5
7484,2.5
7485,2.5
7486,2.5
7487,2.5
7488,2.5
7489,2.5
7490,2.5
7491,2.5
7492,2.5
7493,2.5
7494,2.5
7495,2.5
7496,2.5
7497,2.5
7498,2.5
7499,2.5
7500,2.5
7501,2.5
7502,2.5
7503,2.5
7504,2.5
7505,2.5
7506,2.5
7507,2.5
7508,2.5
7509,2.5
7510,2.5
7511,2.5
7512,2.5
7513,2.5
7514,2.5
7515,2.5
7516,2.5
7517,2.5
7518,2.5
7519,2.5
7520,2.5
7521,2.5
7522,2.5
7523,2.5
7524,2.5
7525,2.5
7526,2.5
7527,2.5
7528,2.5
7529,2.5
7530,2.5
7531,2.5
7532,2.5
7533,2.5
7534,2.5
7535,2.5
7536,2.5
7537,2.5
7538,2.5
7539,2.5
7540,2.5
7541,2.5
7542,2.5
7543,2.5
7544,2.5
7545,2.5
7546,2.5
7547,2.5
7548,2.5
7549,2.5
7550,2.5
7551,2.5
7552,2.5
7553,2.5
7554,2.5
7555,2.5
7556,2.5
7557,2.5
7558,2.5
7559,2.5
7560,2.5
7561,2.5
7562,2.5
7563,2.5
7564,2.5
7565,2.5
7566,2.5
7567,2.5
7568,2.5
7569,2.5
7570,2.5
7571,2.5
7572,2.5
7573,2.5
7574,2.5
7575,2.5
7576,2.5
7577,2.5
7578,2.5
7579,2.5
7580,2.5
7581,2.5
7582,2.5
7583,2.5
7584,2.5
7585,2.5
7586,2.5
7587,2.5
7588,2.5
7589,2.5
7590,2.5
7591,2.5
7592,2.5
7593,2.5
7594,2.5
7595,2.5
7596,2.5
7597,2.5
7598,2.5
7599,2.5
7600,2.5
7601,2.5
7602,2.5
7603,2.5
7604,2.5
7605,2.5
7606,2.5
7607,2.5
7608,2.5
7609,2.5
7610,2.5
7611,2.5
7612,2.5
7613,2.5
7614,2.5
7615,2.5
7616,2.5
7617,2.5
7618,2.5
7619,2.5
7620,2.5
7621,2.5
7622,2.5
7623,2.5
7624,2.5
7625,2.5
7626,2.5
7627,2.5
7628,2.5
7629,2.5
7630,2.5
7631,2.5
7632,2.5
7633,2.5
7634,2.5
7635,2.5
7636,2.5
7637,2.5
7638,2.5
7639,2.5
7640,2.5
7641,2.5
7642,2.5
7643,2.5
7644,2.5
7645,2.5
7646,2.5
7647,2.5
7648,2.5
7649,2.5
7650,2.5
7651,2.5
7652,2.5
7653,2.5
7654,2.5
7655,2.5
7656,2.5
7657,2.5
7658,2.5
7659,2.5
7660,2.5
7661,2.5
7662,2.5
7663,2.5
7664,2.5
7665,2.5
7666,2.5
7667,2.5
7668,2.5
7669,2.5
7670,2.5
7671,2.5
7672,2.5
7673,2.5
7674,2.5
7675,2.5
7676,2.5
7677,2.5
7678,2.5
7679,2.5
7680,2.5
7681,2.5
7682,2.5
7683,2.5
7684,2.5
7685,2.5
7686,2.5
7687,2.5
7688,2.5
7689,2.5
7690,2.5
7691,2.5
7692,2.5
7693,2.5
7694,2.5
7695,2.5
7696,2.5
7697,2.5
7698,2.5
7699,2.5
7700,2.5
7701,2.5
7702,2.5
7703,2.5
7704,2.5
7705,2.5
7706,2.5
7707,2.5
7708,2.5
7709,2.5
7710,2.5
7711,2.5
7712,2.5
7713,2.5
7714,2.5
7715,2.5
7716,2.5
7717,2.5
7718,2.5
7719,2.5
7720,2.5
7721,2.5
7722,2.5
7723,2.5
7724,2.5
7725,2.5
7726,2.5
7727,2.5
7728,2.5
7729,2.5
7730,2.5
7731,2.5
7732,2.5
7733,2.5
7734,2.5
7735,2.5
7736,2.5
7737,2.5
7738,2.5
7739,2.5
7740,2.5
7741,2.5
7742,2.5
7743,2.5
7744,2.5
7745,2.5
7746,2.5
7747,2.5
7748,2.5
7749,2.5
7750,2.5
7751,2.5
7752,2.5
7753,2.5
7754,2.5
7755,2.5
7756,2.5
7757,2.5
7758,2.5
7759,2.5
7760,2.5
7761,2.5
7762,2.5
7763,2.5
7764,2.5
7765,2.5
7766,2.5
7767,2.5
7768,2.5
7769,2.5
7770,2.5
7771,2.5
7772,2.5
7773,2.5
7774,2.5
7775,2.5
7776,2.5
7777,2.5
7778,2.5
7779,2.5
7780,2.5
7781,2.5
7782,2.5
7783,2.5
7784,2.5
7785,2.5
7786,2.5
7787,2.5
7788,2.5
7789,2.5
7790,2.5
7791,2.5
7792,2.5
7793,2.5
7794,2.5
7795,2.5
7796,2.5
7797,2.5
7798,2.5
7799,2.5
7800,2.5
7801,2.5
7802,2.5
7803,2.5
7804,2.5
7805,2.5
7806,2.5
7807,2.5
7808,2.5
7809,2.5
7810,2.5
7811,2.5
7812,2.5
7813,2.5
7814,2.5
7815,2.5
7816,2.5
7817,2.5
7818,2.5
7819,2.5
7820,2.5
7821,2.5
7822,2.5
7823,2.5
7824,2.5
7825,2.5
7826,2.5
7827,2.5
7828,2.5
7829,2.5
7830,2.5
7831,2.5
7832,2.5
7833,2.5
7834,2.5
7835,2.5
7836,2.5
7837,2.5
7838,2.5
7839,2.5
7840,2.5
7841,2.5
7842,2.5
7843,2.5
7844,2.5
7845,2.5
7846,2.5
7847,2.5
7848,2.5
7849,2.5
7850,2.5
7851,2.5
7852,2.5
7853,2.5
7854,2.5
7855,2.5
7856,2.5
7857,2.5
7858,2.5
7859,2.5
7860,2.5
7861,2.5
7862,2.5
7863,2.5
7864,2.5
7865,2.5
7866,2.5
7867,2.5
7868,2.5
7869,2.5
7870,2.5
7871,2.5
7872,2.5
7873,2.5
7874,2.5
7875,2.5
7876,2.5
7877,2.5
7878,2.5
7879,2.5
7880,2.5
7881,2.5
7882,2.5
7883,2.5
7884,2.5
7885,2.5
7886,2.5
7887,2.5
7888,2.5
7889,2.5
7890,2.5
7891,2.5
7892,2.5
7893,2.5
7894,2.5
7895,2.5
7896,2.5
7897,2.5
7898,2.5
7899,2.5
7900,2.5
7901,2.5
7902,2.5
7903,2.5
7904,2.5
7905,2.5
7906,2.5
7907,2.5
7908,2.5
7909,2.5
7910,2.5
7911,2.5
7912,2.5
7913,2.5
7914,2.5
7915,2.5
7916,2.5
7917,2.5
7918,2.5
7919,2.5
7920,2.5
7921,2.5
7922,2.5
7923,2.5
7924,2.5
7925,2.5
7926,2.5
7927,2.5
7928,2.5
7929,2.5
7930,2.5
7931,2.5
7932,2.5
7933,2.5
7934,2.5
7935,2.5
7936,2.5
7937,2.5
7938,2.5
7939,2.5
7940,2.5
7941,2.5
7942,2.5
7943,2.5
7944,2.5
7945,2.5
7946,2.5
7947,2.5
7948,2.5
7949,2.5
7950,2.5
7951,2.5
7952,2.5
7953,2.5
7954,2.5
7955,2.5
7956,2.5
7957,2.5
7958,2.5
7959,2.5
7960,2.5
7961,2.5
7962,2.5
7963,2.5
7964,2.5
7965,2.5
7966,2.5
7967,2.5
7968,2.5
7969,2.5
7970,2.5
7971,2.5
7972,2.5
7973,2.5
7974,2.5
7975,2.5
7976,2.5
7977,2.5
7978,2.5
7979,2.5
7980,2.5
7981,2.5
7982,2.5
7983,2.5
7984,2.5
7985,2.5
7986,2.5
7987,2.5
7988,2.5
7989,2.5
7990,2.5
7991,2.5
7992,2.5
7993,2.5
7994,2.5
7995,2.5
7996,2.5
7997,2.5
7998,2.5
7999,2.5
8000,2.5
8001,2.5
8002,2.5
8003,2.5
8004,2.5
8005,2.5
8006,2.5
8007,2.5
8008,2.5
8009,2.5
8010,2.5
8011,2.5
8012,2.5
8013,2.5
8014,2.5
8015,2.5
8016,2.5
8017,2.5
8018,2.5
8019,2.5
8020,2.5
8021,2.5
8022,2.5
8023,2.5
8024,2.5
8025,2.5
8026,2.5
8027,2.5
8028,2.5
8029,2.5
8030,2.5
8031,2.5
8032,2.5
8033,2.5
8034,2.5
8035,2.5
8036,2.5
8037,2.5
8038,2.5
8039,2.5
8040,2.5
8041,2.5
8042,2.5
8043,2.5
8044,2.5
8045,2.5
8046,2.5
8047,2.5
8048,2.5
8049,2.5
8050,2.5
8051,2.5
8052,2.5
8053,2.5
8054,2.5
8055,2.5
8056,2.5
8057,2.5
8058,2.5
8059,2.5
8060,2.5
8061,2.5
8062,2.5
8063,2.5
8064,2.5
8065,2.5
8066,2.5
8067,2.5
8068,2.5
8069,2.5
8070,2.5
8071,2.5
8072,2.5
8073,2.5
8074,2.5
8075,2.5
8076,2.5
8077,2.5
8078,2.5
8079,2.5
8080,2.5
8081,2.5
8082,2.5
8083,2.5
8084,2.5
8085,2.5
8086,2.5
8087,2.5
8088,2.5
8089,2.5
8090,2.5
8091,2.5
8092,2.5
8093,2.5
8094,2.5
8095,2.5
8096,2.5
8097,2.5
8098,2.5
8099,2.5
8100,2.5
8101,2.5
8102,2.5
8103,2.5
8104,2.5
8105,2.5
8106,2.5
8107,2.5
8108,2.5
8109,2.5
8110,2.5
8111,2.5
8112,2.5
8113,2.5
8114,2.5
8115,2.5
8116,2.5
8117,2.5
8118,2.5
8119,2.5
8120,2.5
8121,2.5
8122,2.5
8123,2.5
8124,2.5
8125,2.5
8126,2.5
8127,2.5
8128,2.5
8129,2.5
8130,2.5
8131,2.5
8132,2.5
8133,2.5
8134,2.5
8135,2.5
8136,2.5
8137,2.5
8138,2.5
8139,2.5
8140,2.5
8141,2.5
8142,2.5
8143,2.5
8144,2.5
8145,2.5
8146,2.5
8147,2.5
8148,2.5
8149,2.5
8150,2.5
8151,2.5
8152,2.5
8153,2.5
8154,2.5
8155,2.5
8156,2.5
8157,2.5
8158,2.5
8159,2.5
8160,2.5
8161,2.5
8162,2.5
8163,2.5
8164,2.5
8165,2.5
8166,2.5
8167,2.5
8168,2.5
8169,2.5
8170,2.5
8171,2.5
8172,2.5
8173,2.5
8174,2.5
8175,2.5
8176,2.5
8177,2.5
8178,2.5
8179,2.5
8180,2.5
8181,2.5
8182,2.5
8183,2.5
8184,2.5
8185,2.5
8186,2.5
8187,2.5
8188,2.5
8189,2.5
8190,2.5
8191,2.5
8192,2.5
8193,2.5
8194,2.5
8195,2.5
8196,2.5
8197,2.5
8198,2.5
8199,2.5
8200,2.5
8201,2.5
8202,2.5
8203,2.5
8204,2.5
8205,2.5
8206,2.5
8207,2.5
8208,2.5
8209,2.5
8210,2.5
8211,2.5
8212,2.5
8213,2.5
8214,2.5
8215,2.5
8216,2.5
8217,2.5
8218,2.5
8219,2.5
8220,2.5
8221,2.5
8222,2.5
8223,2.5
8224,2.5
8225,2.5
8226,2.5
8227,2.5
8228,2.5
8229,2.5
8230,2.5
8231,2.5
8232,2.5
8233,2.5
8234,2.5
8235,2.5
8236,2.5
8237,2.5
8238,2.5
8239,2.5
8240,2.5
8241,2.5
8242,2.5
8243,2.5
8244,2.5
8245,2.5
8246,2.5
8247,2.5
8248,2.5
8249,2.5
8250,2.5
8251,2.5
8252,2.5
8253,2.5
8254,2.5
8255,2.5
8256,2.5
8257,2.5
8258,2.5
8259,2.5
8260,2.5
8261,2.5
8262,2.5
8263,2.5
8264,2.5
8265,2.5
8266,2.5
8267,2.5
8268,2.5
8269,2.5
8270,2.5
8271,2.5
8272,2.5
8273,2.5
8274,2.5
8275,2.5
8276,2.5
8277,2.5
8278,2.5
8279,2.5
8280,2.5
8281,2.5
8282,2.5
8283,2.5
8284,2.5
8285,2.5
8286,2.5
8287,2.5
8288,2.5
8289,2.5
8290,2.5
8291,2.5
8292,2.5
8293,2.5
8294,2.5
8295,2.5
8296,2.5
8297,2.5
8298,2.5
8299,2.5
8300,2.5
8301,2.5
8302,2.5
8303,2.5
8304,2.5
8305,2.5
8306,2.5
8307,2.5
8308,2.5
8309,2.5
8310,2.5
8311,2.5
8312,2.5
8313,2.5
8314,2.5
8315,2.5
8316,2.5
8317,2.5
8318,2.5
8319,2.5
8320,2.5
8321,2.5
8322,2.5
8323,2.5
8324,2.5
8325,2.5
8326,2.5
8327,2.5
8328,2.5
8329,2.5
8330,2.5
8331,2.5
8332,2.5
8333,2.5
8334,2.5
8335,2.5
8336,2.5
8337,2.5
8338,2.5
8339,2.5
8340,2.5
8341,2.5
8342,2.5
8343,2.5
8344,2.5
8345,2.5
8346,2.5
8347,2.5
8348,2.5
8349,2.5
8350,2.5
8351,2.5
8352,2.5
8353,2.5
8354,2.5
8355,2.5
8356,2.5
8357,2.5
8358,2.5
8359,2.5
8360,2.5
8361,2.5
8362,2.5
8363,2.5
8364,2.5
8365,2.5
8366,2.5
8367,2.5
8368,2.5
8369,2.5
8370,2.5
8371,2.5
8372,2.5
8373,2.5
8374,2.5
8375,2.5
8376,2.5
8377,2.5
8378,2.5
8379,2.5
8380,2.5
8381,2.5
8382,2.5
8383,2.5
8384,2.5
8385,2.5
8386,2.5
8387,2.5
8388,2.5
8389,2.5
8390,2.5
8391,2.5
8392,2.5
8393,2.5
8394,2.5
8395,2.5
8396,2.5
8397,2.5
8398,2.5
8399,2.5
8400,2.5
8401,2.5
8402,2.5
8403,2.5
8404,2.5
8405,2.5
8406,2.5
8407,2.5
8408,2.5
8409,2.5
8410,2.5
8411,2.5
8412,2.5
8413,2.5
8414,2.5
8415,2.5
8416,2.5
8417,2.5
8418,2.5
8419,2.5
8420,2.5
8421,2.5
8422,2.5
8423,2.5
8424,2.5
8425,2.5
8426,2.5
8427,2.5
8428,2.5
8429,2.5
8430,2.5
8431,2.5
8432,2.5
8433,2.5
8434,2.5
8435,2.5
8436,2.5
8437,2.5
8438,2.5
8439,2.5
8440,2.5
8441,2.5
8442,2.5
8443,2.5
8444,2.5
8445,2.5
8446,2.5
8447,2.5
8448,2.5
8449,2.5
8450,2.5
8451,2.5
8452,2.5
8453,2.5
8454,2.5
8455,2.5
8456,2.5
8457,2.5
8458,2.5
8459,2.5
8460,2.5
8461,2.5
8462,2.5
8463,2.5
8464,2.5
8465,2.5
8466,2.5
8467,2.5
8468,2.5
8469,2.5
8470,2.5
8471,2.5
8472,2.5
8473,2.5
8474,2.5
8475,2.5
8476,2.5
8477,2.5
8478,2.5
8479,2.5
8480,2.5
8481,2.5
8482,2.5
8483,2.5
8484,2.5
8485,2.5
8486,2.5
8487,2.5
8488,2.5
8489,2.5
8490,2.5
8491,2.5
8492,2.5
8493,2.5
8494,2.5
8495,2.5
8496,2.5
8497,2.5
8498,2.5
8499,2.5
8500,2.5
8501,2.5
8502,2.5
8503,2.5
8504,2.5
8505,2.5
8506,2.5
8507,2.5
8508,2.5
8509,2.5
8510,2.5
8511,2.5
8512,2.5
8513,2.5
8514,2.5
8515,2.5
8516,2.5
8517,2.5
8518,2.5
8519,2.5
8520,2.5
8521,2.5
8522,2.5
8523,2.5
8524,2.5
8525,2.5
8526,2.5
8527,2.5
8528,2.5
8529,2.5
8530,2.5
8531,2.5
8532,2.5
8533,2.5
8534,2.5
8535,2.5
8536,2.5
8537,2.5
8538,2.5
8539,2.5
8540,2.5
8541,2.5
8542,2.5
8543,2.5
8544,2.5
8545,2.5
8546,2.5
8547,2.5
8548,2.5
8549,2.5
8550,2.5
8551,2.5
8552,2.5
8553,2.5
8554,2.5
8555,2.5
8556,2.5
8557,2.5
8558,2.5
8559,2.5
8560,2.5
8561,2.5
8562,2.5
8563,2.5
8564,2.5
8565,2.5
8566,2.5
8567,2.5
8568,2.5
8569,2.5
8570,2.5
8571,2.5
8572,2.5
8573,2.5
8574,2.5
8575,2.5
8576,2.5
8577,2.5
8578,2.5
8579,2.5
8580,2.5
8581,2.5
8582,2.5
8583,2.5
8584,2.5
8585,2.5
8586,2.5
8587,2.5
8588,2.5
8589,2.5
8590,2.5
8591,2.5
8592,2.5
8593,2.5
8594,2.5
8595,2.5
8596,2.5
8597,2.5
8598,2.5
8599,2.5
8600,2.5
8601,2.5
8602,2.5
8603,2.5
8604,2.5
8605,2.5
8606,2.5
8607,2.5
8608,2.5
8609,2.5
8610,2.5
8611,2.5
8612,2.5
8613,2.5
8614,2.5
8615,2.5
8616,2.5
8617,2.5
8618,2.5
8619,2.5
8620,2.5
8621,2.5
8622,2.5
8623,2.5
8624,2.5
8625,2.5
8626,2.5
8627,2.5
8628,2.5
8629,2.5
8630,2.5
8631,2.5
8632,2.5
8633,2.5
8634,2.5
8635,2.5
8636,2.5
8637,2.5
8638,2.5
8639,2.5
8640,2.5
8641,2.5
8642,2.5
8643,2.5
8644,2.5
8645,2.5
8646,2.5
8647,2.5
8648,2.5
8649,2.5
8650,2.5
8651,2.5
8652,2.5
8653,2.5
8654,2.5
8655,2.5
8656,2.5
8657,2.5
8658,2.5
8659,2.5
8660,2.5
8661,2.5
8662,2.5
8663,2.5
8664,2.5
8665,2.5
8666,2.5
8667,2.5
8668,2.5
8669,2.5
8670,2.5
8671,2.5
8672,2.5
8673,2.5
8674,2.5
8675,2.5
8676,2.5
8677,2.5
8678,2.5
8679,2.5
8680,2.5
8681,2.5
8682,2.5
8683,2.5
8684,2.5
8685,2.5
8686,2.5
8687,2.5
8688,2.5
8689,2.5
8690,2.5
8691,2.5
8692,2.5
8693,2.5
8694,2.5
8695,2.5
8696,2.5
8697,2.5
8698,2.5
8699,2.5
8700,2.5
8701,2.5
8702,2.5
8703,2.5
8704,2.5
8705,2.5
8706,2.5
8707,2.5
8708,2.5
8709,2.5
8710,2.5
8711,2.5
8712,2.5
8713,2.5
8714,2.5
8715,2.5
8716,2.5
8717,2.5
8718,2.5
8719,2.5
8720,2.5
8721,2.5
8722,2.5
8723,2.5
8724,2.5
8725,2.5
8726,2.5
8727,2.5
8728,2.5
8729,2.5
8730,2.5
8731,2.5
8732,2.5
8733,2.5
8734,2.5
8735,2.5
8736,2.5
8737,2.5
8738,2.5
8739,2.5
8740,2.5
8741,2.5
8742,2.5
8743,2.5
8744,2.5
8745,2.5
8746,2.5
8747,2.5
8748,2.5
8749,2.5
8750,2.5
8751,2.5
8752,2.5
8753,2.5
8754,2.5
8755,2.5
8756,2.5
8757,2.5
8758,2.5
8759,2.5
8760,2.5
8761,2.5
8762,2.5
8763,2.5
8764,2.5
8765,2.5
8766,2.5
8767,2.5
8768,2.5
8769,2.5
8770,2.5
8771,2.5
8772,2.5
8773,2.5
8774,2.5
8775,2.5
8776,2.5
8777,2.5
8778,2.5
8779,2.5
8780,2.5
8781,2.5
8782,2.5
8783,2.5
8784,2.5
8785,2.5
8786,2.5
8787,2.5
8788,2.5
8789,2.5
8790,2.5
8791,2.5
8792,2.5
8793,2.5
8794,2.5
8795,2.5
8796,2.5
8797,2.5
8798,2.5
8799,2.5
8800,2.5
8801,2.5
8802,2.5
8803,2.5
8804,2.5
8805,2.5
8806,2.5
8807,2.5
8808,2.5
8809,2.5
8810,2.5
8811,2.5
8812,2.5
8813,2.5
8814,2.5
8815,2.5
8816,2.5
8817,2.5
8818,2.5
8819,2.5
8820,2.5
8821,2.5
8822,2.5
8823,2.5
8824,2.5
8825,2.5
8826,2.5
8827,2.5
8828,2.5
8829,2.5
8830,2.5
8831,2.5
8832,2.5
8833,2.5
8834,2.5
8835,2.5
8836,2.5
8837,2.5
8838,2.5
8839,2.5
8840,2.5
8841,2.5
8842,2.5
8843,2.5
8844,2.5
8845,2.5
8846,2.5
8847,2.5
8848,2.5
8849,2.5
8850,2.5
8851,2.5
8852,2.5
8853,2.5
8854,2.5
8855,2.5
8856,2.5
8857,2.5
8858,2.5
8859,2.5
8860,2.5
8861,2.5
8862,2.5
8863,2.5
8864,2.5
8865,2.5
8866,2.5
8867,2.5
8868,2.5
8869,2.5
8870,2.5
8871,2.5
8872,2.5
8873,2.5
8874,2.5
8875,2.5
8876,2.5
8877,2.5
8878,2.5
8879,2.5
8880,2.5
8881,2.5
8882,2.5
8883,2.5
8884,2.5
8885,2.5
8886,2.5
8887,2.5
8888,2.5
8889,2.5
8890,2.5
8891,2.5
8892,2.5
8893,2.5
8894,2.5
8895,2.5
8896,2.5
8897,2.5
8898,2.5
8899,2.5
8900,2.5
8901,2.5
8902,2.5
8903,2.5
8904,2.5
8905,2.5
8906,2.5
8907,2.5
8908,2.5
8909,2.5
8910,2.5
8911,2.5
8912,2.5
8913,2.5
8914,2.5
8915,2.5
8916,2.5
8917,2.5
8918,2.5
8919,2.5
8920,2.5
8921,2.5
8922,2.5
8923,2.5
8924,2.5
8925,2.5
8926,2.5
8927,2.5
8928,2.5
8929,2.5
8930,2.5
8931,2.5
8932,2.5
8933,2.5
8934,2.5
8935,2.5
8936,2.5
8937,2.5
8938,2.5
8939,2.5
8940,2.5
8941,2.5
8942,2.5
8943,2.5
8944,2.5
8945,2.5
8946,2.5
8947,2.5
8948,2.5
8949,2.5
8950,2.5
8951,2.5
8952,2.5
8953,2.5
8954,2.5
8955,2.5
8956,2.5
8957,2.5
8958,2.5
8959,2.5
8960,2.5
8961,2.5
8962,2.5
8963,2.5
8964,2.5
8965,2.5
8966,2.5
8967,2.5
8968,2.5
8969,2.5
8970,2.5
8971,2.5
8972,2.5
8973,2.5
8974,2.5
8975,2.5
8976,2.5
8977,2.5
8978,2.5
8979,2.5
8980,2.5
8981,2.5
8982,2.5
8983,2.5
8984,2.5
8985,2.5
8986,2.5
8987,2.5
8988,2.5
8989,2.5
8990,2.5
8991,2.5
8992,2.5
8993,2.5
8994,2.5
8995,2.5
8996,2.5
8997,2.5
8998,2.5
8999,2.5
9000,2.5
9001,2.5
9002,2.5
9003,2.5
9004,2.5
9005,2.5
9006,2.5
9007,2.5
9008,2.5
9009,2.5
9010,2.5
9011,2.5
9012,2.5
9013,2.5
9014,2.5
9015,2.5
9016,2.5
9017,2.5
9018,2.5
9019,2.5
9020,2.5
9021,2.5
9022,2.5
9023,2.5
9024,2.5
9025,2.5
9026,2.5
9027,2.5
9028,2.5
9029,2.5
9030,2.5
9031,2.5
9032,2.5
9033,2.5
9034,2.5
9035,2.5
9036,2.5
9037,2.5
9038,2.5
9039,2.5
9040,2.5
9041,2.5
9042,2.5
9043,2.5
9044,2.5
9045,2.5
9046,2.5
9047,2.5
9048,2.5
9049,2.5
9050,2.5
9051,2.5
9052,2.5
9053,2.5
9054,2.5
9055,2.5
9056,2.5
9057,2.5
9058,2.5
9059,2.5
9060,2.5
9061,2.5
9062,2.5
9063,2.5
9064,2.5
9065,2.5
9066,2.5
9067,2.5
9068,2.5
9069,2.5
9070,2.5
9071,2.5
9072,2.5
9073,2.5
9074,2.5
9075,2.5
9076,2.5
9077,2.5
9078,2.5
9079,2.5
9080,2.5
9081,2.5
9082,2.5
9083,2.5
9084,2.5
9085,2.5
9086,2.5
9087,2.5
9088,2.5
9089,2.5
9090,2.5
9091,2.5
9092,2.5
9093,2.5
9094,2.5
9095,2.5
9096,2.5
9097,2.5
9098,2.5
9099,2.5
9100,2.5
9101,2.5
9102,2.5
9103,2.5
9104,2.5
9105,2.5
9106,2.5
9107,2.5
9108,2.5
9109,2.5
9110,2.5
9111,2.5
9112,2.5
9113,2.5
9114,2.5
9115,2.5
9116,2.5
9117,2.5
9118,2.5
9119,2.5
9120,2.5
9121,2.5
9122,2.5
9123,2.5
9124,2.5
9125,2.5
9126,2.5
9127,2.5
9128,2.5
9129,2.5
9130,2.5
9131,2.5
9132,2.5
9133,2.5
9134,2.5
9135,2.5
9136,2.5
9137,2.5
9138,2.5
9139,2.5
9140,2.5
9141,2.5
9142,2.5
9143,2.5
9144,2.5
9145,2.5
9146,2.5
9147,2.5
9148,2.5
9149,2.5
9150,2.5
9151,2.5
9152,2.5
9153,2.5
9154,2.5
9155,2.5
9156,2.5
9157,2.5
9158,2.5
9159,2.5
9160,2.5
9161,2.5
9162,2.5
9163,2.5
9164,2.5
9165,2.5
9166,2.5
9167,2.5
9168,2.5
9169,2.5
9170,2.5
9171,2.5
9172,2.5
9173,2.5
9174,2.5
9175,2.5
9176,2.5
9177,2.5
9178,2.5
9179,2.5
9180,2.5
9181,2.5
9182,2.5
9183,2.5
9184,2.5
9185,2.5
9186,2.5
9187,2.5
9188,2.5
9189,2.5
9190,2.5
9191,2.5
9192,2.5
9193,2.5
9194,2.5
9195,2.5
9196,2.5
9197,2.5
9198,2.5
9199,2.5
9200,2.5
9201,2.5
9202,2.5
9203,2.5
9204,2.5
9205,2.5
9206,2.5
9207,2.5
9208,2.5
9209,2.5
9210,2.5
9211,2.5
9212,2.5
9213,2.5
9214,2.5
9215,2.5
9216,2.5
9217,2.5
9218,2.5
9219,2.5
9220,2.5
9221,2.5
9222,2.5
9223,2.5
9224,2.5
9225,2.5
9226,2.5
9227,2.5
9228,2.5
9229,2.5
9230,2.5
9231,2.5
9232,2.5
9233,2.5
9234,2.5
9235,2.5
9236,2.5
9237,2.5
9238,2.5
9239,2.5
9240,2.5
9241,2.5
9242,2.5
9243,2.5
9244,2.5
9245,2.5
9246,2.5
9247,2.5
9248,2.5
9249,2.5
9250,2.5
9251,2.5
9252,2.5
9253,2.5
9254,2.5
9255,2.5
9256,2.5
9257,2.5
9258,2.5
9259,2.5
9260,2.5
9261,2.5
9262,2.5
9263,2.5
9264,2.5
9265,2.5
9266,2.5
9267,2.5
9268,2.5
9269,2.5
9270,2.5
9271,2.5
9272,2.5
9273,2.5
9274,2.5
9275,2.5
9276,2.5
9277,2.5
9278,2.5
9279,2.5
9280,2.5
9281,2.5
9282,2.5
9283,2.5
9284,2.5
9285,2.5
9286,2.5
9287,2.5
9288,2.5
9289,2.5
9290,2.5
9291,2.5
9292,2.5
9293,2.5
9294,2.5
9295,2.5
9296,2.5
9297,2.5
9298,2.5
9299,2.5
9300,2.5
9301,2.5
9302,2.5
9303,2.5
9304,2.5
9305,2.5
9306,2.5
9307,2.5
9308,2.5
9309,2.5
9310,2.5
9311,2.5
9312,2.5
9313,2.5
9314,2.5
9315,2.5
9316,2.5
9317,2.5
9318,2.5
9319,2.5
9320,2.5
9321,2.5
9322,2.5
9323,2.5
9324,2.5
9325,2.5
9326,2.5
9327,2.5
9328,2.5
9329,2.5
9330,2.5
9331,2.5
9332,2.5
9333,2.5
9334,2.5
9335,2.5
9336,2.5
9337,2.5
9338,2.5
9339,2.5
9340,2.5
9341,2.5
9342,2.5
9343,2.5
9344,2.5
9345,2.5
9346,2.5
9347,2.5
9348,2.5
9349,2.5
9350,2.5
9351,2.5
9352,2.5
9353,2.5
9354,2.5
9355,2.5
9356,2.5
9357,2.5
9358,2.5
9359,2.5
9360,2.5
9361,2.5
9362,2.5
9363,2.5
9364,2.5
9365,2.5
9366,2.5
9367,2.5
9368,2.5
9369,2.5
9370,2.5
9371,2.5
9372,2.5
9373,2.5
9374,2.5
9375,2.5
9376,2.5
9377,2.5
9378,2.5
9379,2.5
9380,2.5
9381,2.5
9382,2.5
9383,2.5
9384,2.5
9385,2.5
9386,2.5
9387,2.5
9388,2.5
9389,2.5
9390,2.5
9391,2.5
9392,2.5
9393,2.5
9394,2.5
9395,2.5
9396,2.5
9397,2.5
9398,2.5
9399,2.5
9400,2.5
9401,2.5
9402,2.5
9403,2.5
9404,2.5
9405,2.5
9406,2.5
9407,2.5
9408,2.5
9409,2.5
9410,2.5
9411,2.5
9412,2.5
9413,2.5
9414,2.5
9415,2.5
9416,2.5
9417,2.5
9418,2.5
9419,2.5
9420,2.5
9421,2.5
9422,2.5
9423,2.5
9424,2.5
9425,2.5
9426,2.5
9427,2.5
9428,2.5
9429,2.5
9430,2.5
